time_series,imu_COG_acc_x,wheel_speed_FL,wheel_speed_FR,wheel_speed_RL,wheel_speed_RR,drive_torque_FL,drive_torque_FR,drive_torque_RL,drive_torque_RR,brake_pressure_FL,brake_pressure_FR,brake_pressure_RL,brake_pressure_RR,stwa,veh_u
0,0,67.8125,67.8125,68.0633,68.0633,0,0,0,0,0,0,0,0,0,21.98
0.002,0,67.8125,67.8125,68.0633,68.0633,0,0,0,0,0,0,0,0,0,21.98
0.004,0,67.8125,67.8125,68.0633,68.0633,0,0,0,0,0,0,0,0,0,21.98
0.006,0,67.8125,67.8125,68.0633,68.0633,0,0,0,0,0,0,0,0,0,21.9799
0.008,0,67.8125,67.8125,68.0633,68.0633,0,0,0,0,0,0,0,0,0,21.9798
0.01,0,67.6695,67.6695,67.8888,67.8888,0,0,0,0,0,0,0,0,0,21.9795
0.012,0,67.6695,67.6695,67.8888,67.8888,0,0,0,0,0,0,0,0,0,21.9793
0.014,0,67.6695,67.6695,67.8888,67.8888,0,0,0,0,0,0,0,0,0,21.979
0.016,0,67.6695,67.6695,67.8888,67.8888,0,0,0,0,0,0,0,0,0,21.9786
0.018,0,67.6695,67.6695,67.8888,67.8888,0,0,0,0,0,0,0,0,0,21.9783
0.02,0,67.7312,67.7312,67.9885,67.9885,0,0,0,0,0,0,0,0,0,21.9779
0.022,0,67.7312,67.7312,67.9885,67.9885,0,0,0,0,0,0,0,0,0,21.9776
0.024,0,67.7312,67.7312,67.9885,67.9885,0,0,0,0,0,0,0,0,0,21.9773
0.026,0,67.7312,67.7312,67.9885,67.9885,0,0,0,0,0,0,0,0,0,21.9771
0.028,0,67.7312,67.7312,67.9885,67.9885,0,0,0,0,0,0,0,0,0,21.9769
0.03,0,67.5954,67.5954,67.8582,67.8582,0,0,0,0,0,0,0,0,0,21.9767
0.032,0,67.5954,67.5954,67.8582,67.8582,0,0,0,0,0,0,0,0,0,21.9765
0.034,0,67.5954,67.5954,67.8582,67.8582,0,0,0,0,0,0,0,0,0,21.9764
0.036,0,67.5954,67.5954,67.8582,67.8582,0,0,0,0,0,0,0,0,0,21.9762
0.038,0,67.5954,67.5954,67.8582,67.8582,0,0,0,0,0,0,0,0,0,21.9761
0.04,0,67.6054,67.6054,67.8391,67.8391,0,0,0,0,0,0,0,0,0,21.9759
0.042,0,67.6054,67.6054,67.8391,67.8391,0,0,0,0,0,0,0,0,0,21.9757
0.044,0,67.6054,67.6054,67.8391,67.8391,0,0,0,0,0,0,0,0,0,21.9754
0.046,0,67.6054,67.6054,67.8391,67.8391,0,0,0,0,0,0,0,0,0,21.9752
0.048,0,67.6054,67.6054,67.8391,67.8391,0,0,0,0,0,0,0,0,0,21.9749
0.05,0,67.4844,67.4844,67.7286,67.7286,0,0,0,0,0,0,0,0,0,21.9747
0.052,0,67.4844,67.4844,67.7286,67.7286,0,0,0,0,0,0,0,0,0,21.9744
0.054,0,67.4844,67.4844,67.7286,67.7286,0,0,0,0,0,0,0,0,0,21.9741
0.056,0,67.4844,67.4844,67.7286,67.7286,0,0,0,0,0,0,0,0,0,21.9739
0.058,0,67.4844,67.4844,67.7286,67.7286,0,0,0,0,0,0,0,0,0,21.9737
0.06,0,67.6437,67.6437,67.9011,67.9011,0,0,0,0,0,0,0,0,0,21.9734
0.062,0,67.6437,67.6437,67.9011,67.9011,0,0,0,0,0,0,0,0,0,21.9732
0.064,0,67.6437,67.6437,67.9011,67.9011,0,0,0,0,0,0,0,0,0,21.973
0.066,0,67.6437,67.6437,67.9011,67.9011,0,0,0,0,0,0,0,0,0,21.9728
0.068,0,67.6437,67.6437,67.9011,67.9011,0,0,0,0,0,0,0,0,0,21.9726
0.07,0,67.62,67.62,67.8646,67.8646,0,0,0,0,0,0,0,0,0,21.9724
0.072,0,67.62,67.62,67.8646,67.8646,0,0,0,0,0,0,0,0,0,21.9722
0.074,0,67.62,67.62,67.8646,67.8646,0,0,0,0,0,0,0,0,0,21.972
0.076,0,67.62,67.62,67.8646,67.8646,0,0,0,0,0,0,0,0,0,21.9717
0.078,0,67.62,67.62,67.8646,67.8646,0,0,0,0,0,0,0,0,0,21.9715
0.08,0,67.5271,67.5271,67.77,67.77,0,0,0,0,0,0,0,0,0,21.9713
0.082,0,67.5271,67.5271,67.77,67.77,0,0,0,0,0,0,0,0,0,21.971
0.084,0,67.5271,67.5271,67.77,67.77,0,0,0,0,0,0,0,0,0,21.9708
0.086,0,67.5271,67.5271,67.77,67.77,0,0,0,0,0,0,0,0,0,21.9706
0.088,0,67.5271,67.5271,67.77,67.77,0,0,0,0,0,0,0,0,0,21.9703
0.09,0,67.7932,67.7932,68.0443,68.0443,0,0,0,0,0,0,0,0,0,21.9701
0.092,0,67.7932,67.7932,68.0443,68.0443,0,0,0,0,0,0,0,0,0,21.9699
0.094,0,67.7932,67.7932,68.0443,68.0443,0,0,0,0,0,0,0,0,0,21.9696
0.096,0,67.7932,67.7932,68.0443,68.0443,0,0,0,0,0,0,0,0,0,21.9694
0.098,0,67.7932,67.7932,68.0443,68.0443,0,0,0,0,0,0,0,0,0,21.9692
0.1,0,67.4273,67.4273,67.6755,67.6755,0,0,0,0,0,0,0,0,0,21.969
0.102,0,67.4273,67.4273,67.6755,67.6755,0,0,0,0,0,0,0,0,0,21.9688
0.104,0,67.4273,67.4273,67.6755,67.6755,0,0,0,0,0,0,0,0,0,21.9685
0.106,0,67.4273,67.4273,67.6755,67.6755,0,0,0,0,0,0,0,0,0,21.9683
0.108,0,67.4273,67.4273,67.6755,67.6755,0,0,0,0,0,0,0,0,0,21.9681
0.11,0,67.662,67.662,67.9069,67.9069,0,0,0,0,0,0,0,0,0,21.9679
0.112,0,67.662,67.662,67.9069,67.9069,0,0,0,0,0,0,0,0,0,21.9676
0.114,0,67.662,67.662,67.9069,67.9069,0,0,0,0,0,0,0,0,0,21.9674
0.116,0,67.662,67.662,67.9069,67.9069,0,0,0,0,0,0,0,0,0,21.9672
0.118,0,67.662,67.662,67.9069,67.9069,0,0,0,0,0,0,0,0,0,21.967
0.12,0,67.7296,67.7296,67.9776,67.9776,0,0,0,0,0,0,0,0,0,21.9667
0.122,0,67.7296,67.7296,67.9776,67.9776,0,0,0,0,0,0,0,0,0,21.9665
0.124,0,67.7296,67.7296,67.9776,67.9776,0,0,0,0,0,0,0,0,0,21.9663
0.126,0,67.7296,67.7296,67.9776,67.9776,0,0,0,0,0,0,0,0,0,21.966
0.128,0,67.7296,67.7296,67.9776,67.9776,0,0,0,0,0,0,0,0,0,21.9658
0.13,0,67.6442,67.6442,67.8926,67.8926,0,0,0,0,0,0,0,0,0,21.9656
0.132,0,67.6442,67.6442,67.8926,67.8926,0,0,0,0,0,0,0,0,0,21.9654
0.134,0,67.6442,67.6442,67.8926,67.8926,0,0,0,0,0,0,0,0,0,21.9652
0.136,0,67.6442,67.6442,67.8926,67.8926,0,0,0,0,0,0,0,0,0,21.9649
0.138,0,67.6442,67.6442,67.8926,67.8926,0,0,0,0,0,0,0,0,0,21.9647
0.14,0,67.386,67.386,67.6325,67.6325,0,0,0,0,0,0,0,0,0,21.9645
0.142,0,67.386,67.386,67.6325,67.6325,0,0,0,0,0,0,0,0,0,21.9643
0.144,0,67.386,67.386,67.6325,67.6325,0,0,0,0,0,0,0,0,0,21.964
0.146,0,67.386,67.386,67.6325,67.6325,0,0,0,0,0,0,0,0,0,21.9638
0.148,0,67.386,67.386,67.6325,67.6325,0,0,0,0,0,0,0,0,0,21.9636
0.15,0,67.6668,67.6668,67.914,67.914,0,0,0,0,0,0,0,0,0,21.9634
0.152,0,67.6668,67.6668,67.914,67.914,0,0,0,0,0,0,0,0,0,21.9631
0.154,0,67.6668,67.6668,67.914,67.914,0,0,0,0,0,0,0,0,0,21.9629
0.156,0,67.6668,67.6668,67.914,67.914,0,0,0,0,0,0,0,0,0,21.9627
0.158,0,67.6668,67.6668,67.914,67.914,0,0,0,0,0,0,0,0,0,21.9624
0.16,0,67.6119,67.6119,67.8598,67.8598,0,0,0,0,0,0,0,0,0,21.9622
0.162,0,67.6119,67.6119,67.8598,67.8598,0,0,0,0,0,0,0,0,0,21.962
0.164,0,67.6119,67.6119,67.8598,67.8598,0,0,0,0,0,0,0,0,0,21.9618
0.166,0,67.6119,67.6119,67.8598,67.8598,0,0,0,0,0,0,0,0,0,21.9615
0.168,0,67.6119,67.6119,67.8598,67.8598,0,0,0,0,0,0,0,0,0,21.9613
0.17,0,67.3588,67.3588,67.606,67.606,0,0,0,0,0,0,0,0,0,21.9611
0.172,0,67.3588,67.3588,67.606,67.606,0,0,0,0,0,0,0,0,0,21.9609
0.174,0,67.3588,67.3588,67.606,67.606,0,0,0,0,0,0,0,0,0,21.9606
0.176,0,67.3588,67.3588,67.606,67.606,0,0,0,0,0,0,0,0,0,21.9604
0.178,0,67.3588,67.3588,67.606,67.606,0,0,0,0,0,0,0,0,0,21.9602
0.18,0,67.5241,67.5241,67.7711,67.7711,0,0,0,0,0,0,0,0,0,21.96
0.182,0,67.5241,67.5241,67.7711,67.7711,0,0,0,0,0,0,0,0,0,21.9597
0.184,0,67.5241,67.5241,67.7711,67.7711,0,0,0,0,0,0,0,0,0,21.9595
0.186,0,67.5241,67.5241,67.7711,67.7711,0,0,0,0,0,0,0,0,0,21.9593
0.188,0,67.5241,67.5241,67.7711,67.7711,0,0,0,0,0,0,0,0,0,21.9591
0.19,0,67.6162,67.6162,67.8636,67.8636,0,0,0,0,0,0,0,0,0,21.9588
0.192,0,67.6162,67.6162,67.8636,67.8636,0,0,0,0,0,0,0,0,0,21.9586
0.194,0,67.6162,67.6162,67.8636,67.8636,0,0,0,0,0,0,0,0,0,21.9584
0.196,0,67.6162,67.6162,67.8636,67.8636,0,0,0,0,0,0,0,0,0,21.9582
0.198,0,67.6162,67.6162,67.8636,67.8636,0,0,0,0,0,0,0,0,0,21.9579
0.2,0,67.3301,67.3301,67.5774,67.5774,0,0,0,0,0,0,0,0,0,21.9577
0.202,0,67.3301,67.3301,67.5774,67.5774,0,0,0,0,0,0,0,0,0,21.9575
0.204,0,67.3301,67.3301,67.5774,67.5774,0,0,0,0,0,0,0,0,0,21.9573
0.206,0,67.3301,67.3301,67.5774,67.5774,0,0,0,0,0,0,0,0,0,21.957
0.208,0,67.3301,67.3301,67.5774,67.5774,0,0,0,0,0,0,0,0,0,21.9568
0.21,0,67.5275,67.5275,67.7746,67.7746,0,0,0,0,0,0,0,0,0,21.9566
0.212,0,67.5275,67.5275,67.7746,67.7746,0,0,0,0,0,0,0,0,0,21.9564
0.214,0,67.5275,67.5275,67.7746,67.7746,0,0,0,0,0,0,0,0,0,21.9561
0.216,0,67.5275,67.5275,67.7746,67.7746,0,0,0,0,0,0,0,0,0,21.9559
0.218,0,67.5275,67.5275,67.7746,67.7746,0,0,0,0,0,0,0,0,0,21.9557
0.22,0,67.4586,67.4586,67.7058,67.7058,0,0,0,0,0,0,0,0,0,21.9555
0.222,0,67.4586,67.4586,67.7058,67.7058,0,0,0,0,0,0,0,0,0,21.9552
0.224,0,67.4586,67.4586,67.7058,67.7058,0,0,0,0,0,0,0,0,0,21.955
0.226,0,67.4586,67.4586,67.7058,67.7058,0,0,0,0,0,0,0,0,0,21.9548
0.228,0,67.4586,67.4586,67.7058,67.7058,0,0,0,0,0,0,0,0,0,21.9546
0.23,0,67.5853,67.5853,67.8325,67.8325,0,0,0,0,0,0,0,0,0,21.9543
0.232,0,67.5853,67.5853,67.8325,67.8325,0,0,0,0,0,0,0,0,0,21.9541
0.234,0,67.5853,67.5853,67.8325,67.8325,0,0,0,0,0,0,0,0,0,21.9539
0.236,0,67.5853,67.5853,67.8325,67.8325,0,0,0,0,0,0,0,0,0,21.9537
0.238,0,67.5853,67.5853,67.8325,67.8325,0,0,0,0,0,0,0,0,0,21.9534
0.24,0,67.527,67.527,67.7742,67.7742,0,0,0,0,0,0,0,0,0,21.9532
0.242,0,67.527,67.527,67.7742,67.7742,0,0,0,0,0,0,0,0,0,21.953
0.244,0,67.527,67.527,67.7742,67.7742,0,0,0,0,0,0,0,0,0,21.9528
0.246,0,67.527,67.527,67.7742,67.7742,0,0,0,0,0,0,0,0,0,21.9525
0.248,0,67.527,67.527,67.7742,67.7742,0,0,0,0,0,0,0,0,0,21.9523
0.25,0,67.5773,67.5773,67.8244,67.8244,0,0,0,0,0,0,0,0,0,21.9521
0.252,0,67.5773,67.5773,67.8244,67.8244,0,0,0,0,0,0,0,0,0,21.9519
0.254,0,67.5773,67.5773,67.8244,67.8244,0,0,0,0,0,0,0,0,0,21.9516
0.256,0,67.5773,67.5773,67.8244,67.8244,0,0,0,0,0,0,0,0,0,21.9514
0.258,0,67.5773,67.5773,67.8244,67.8244,0,0,0,0,0,0,0,0,0,21.9512
0.26,0,67.4404,67.4404,67.6876,67.6876,0,0,0,0,0,0,0,0,0,21.951
0.262,0,67.4404,67.4404,67.6876,67.6876,0,0,0,0,0,0,0,0,0,21.9507
0.264,0,67.4404,67.4404,67.6876,67.6876,0,0,0,0,0,0,0,0,0,21.9505
0.266,0,67.4404,67.4404,67.6876,67.6876,0,0,0,0,0,0,0,0,0,21.9503
0.268,0,67.4404,67.4404,67.6876,67.6876,0,0,0,0,0,0,0,0,0,21.9501
0.27,0,67.756,67.756,68.0032,68.0032,0,0,0,0,0,0,0,0,0,21.9498
0.272,0,67.756,67.756,68.0032,68.0032,0,0,0,0,0,0,0,0,0,21.9496
0.274,0,67.756,67.756,68.0032,68.0032,0,0,0,0,0,0,0,0,0,21.9494
0.276,0,67.756,67.756,68.0032,68.0032,0,0,0,0,0,0,0,0,0,21.9492
0.278,0,67.756,67.756,68.0032,68.0032,0,0,0,0,0,0,0,0,0,21.9489
0.28,0,67.5923,67.5923,67.8394,67.8394,0,0,0,0,0,0,0,0,0,21.9487
0.282,0,67.5923,67.5923,67.8394,67.8394,0,0,0,0,0,0,0,0,0,21.9485
0.284,0,67.5923,67.5923,67.8394,67.8394,0,0,0,0,0,0,0,0,0,21.9482
0.286,0,67.5923,67.5923,67.8394,67.8394,0,0,0,0,0,0,0,0,0,21.948
0.288,0,67.5923,67.5923,67.8394,67.8394,0,0,0,0,0,0,0,0,0,21.9478
0.29,0,67.4487,67.4487,67.6959,67.6959,0,0,0,0,0,0,0,0,0,21.9476
0.292,0,67.4487,67.4487,67.6959,67.6959,0,0,0,0,0,0,0,0,0,21.9473
0.294,0,67.4487,67.4487,67.6959,67.6959,0,0,0,0,0,0,0,0,0,21.9471
0.296,0,67.4487,67.4487,67.6959,67.6959,0,0,0,0,0,0,0,0,0,21.9469
0.298,0,67.4487,67.4487,67.6959,67.6959,0,0,0,0,0,0,0,0,0,21.9467
0.3,0,67.5971,67.5971,67.8442,67.8442,0,0,0,0,0,0,0,0,0,21.9464
0.302,0,67.5971,67.5971,67.8442,67.8442,0,0,0,0,0,0,0,0,0,21.9462
0.304,0,67.5971,67.5971,67.8442,67.8442,0,0,0,0,0,0,0,0,0,21.946
0.306,0,67.5971,67.5971,67.8442,67.8442,0,0,0,0,0,0,0,0,0,21.9458
0.308,0,67.5971,67.5971,67.8442,67.8442,0,0,0,0,0,0,0,0,0,21.9455
0.31,0,67.6328,67.6328,67.8799,67.8799,0,0,0,0,0,0,0,0,0,21.9453
0.312,0,67.6328,67.6328,67.8799,67.8799,0,0,0,0,0,0,0,0,0,21.9451
0.314,0,67.6328,67.6328,67.8799,67.8799,0,0,0,0,0,0,0,0,0,21.9449
0.316,0,67.6328,67.6328,67.8799,67.8799,0,0,0,0,0,0,0,0,0,21.9446
0.318,0,67.6328,67.6328,67.8799,67.8799,0,0,0,0,0,0,0,0,0,21.9444
0.32,0,67.4628,67.4628,67.7099,67.7099,0,0,0,0,0,0,0,0,0,21.9442
0.322,0,67.4628,67.4628,67.7099,67.7099,0,0,0,0,0,0,0,0,0,21.944
0.324,0,67.4628,67.4628,67.7099,67.7099,0,0,0,0,0,0,0,0,0,21.9437
0.326,0,67.4628,67.4628,67.7099,67.7099,0,0,0,0,0,0,0,0,0,21.9435
0.328,0,67.4628,67.4628,67.7099,67.7099,0,0,0,0,0,0,0,0,0,21.9433
0.33,0,67.4806,67.4806,67.7277,67.7277,0,0,0,0,0,0,0,0,0,21.9431
0.332,0,67.4806,67.4806,67.7277,67.7277,0,0,0,0,0,0,0,0,0,21.9428
0.334,0,67.4806,67.4806,67.7277,67.7277,0,0,0,0,0,0,0,0,0,21.9426
0.336,0,67.4806,67.4806,67.7277,67.7277,0,0,0,0,0,0,0,0,0,21.9424
0.338,0,67.4806,67.4806,67.7277,67.7277,0,0,0,0,0,0,0,0,0,21.9422
0.34,0,67.5218,67.5218,67.7689,67.7689,0,0,0,0,0,0,0,0,0,21.9419
0.342,0,67.5218,67.5218,67.7689,67.7689,0,0,0,0,0,0,0,0,0,21.9417
0.344,0,67.5218,67.5218,67.7689,67.7689,0,0,0,0,0,0,0,0,0,21.9415
0.346,0,67.5218,67.5218,67.7689,67.7689,0,0,0,0,0,0,0,0,0,21.9413
0.348,0,67.5218,67.5218,67.7689,67.7689,0,0,0,0,0,0,0,0,0,21.941
0.35,0,67.5942,67.5942,67.8412,67.8412,0,0,0,0,0,0,0,0,0,21.9408
0.352,0,67.5942,67.5942,67.8412,67.8412,0,0,0,0,0,0,0,0,0,21.9406
0.354,0,67.5942,67.5942,67.8412,67.8412,0,0,0,0,0,0,0,0,0,21.9404
0.356,0,67.5942,67.5942,67.8412,67.8412,0,0,0,0,0,0,0,0,0,21.9401
0.358,0,67.5942,67.5942,67.8412,67.8412,0,0,0,0,0,0,0,0,0,21.9399
0.36,0,67.2762,67.2762,67.5232,67.5232,0,0,0,0,0,0,0,0,0,21.9397
0.362,0,67.2762,67.2762,67.5232,67.5232,0,0,0,0,0,0,0,0,0,21.9395
0.364,0,67.2762,67.2762,67.5232,67.5232,0,0,0,0,0,0,0,0,0,21.9392
0.366,0,67.2762,67.2762,67.5232,67.5232,0,0,0,0,0,0,0,0,0,21.939
0.368,0,67.2762,67.2762,67.5232,67.5232,0,0,0,0,0,0,0,0,0,21.9388
0.37,0,67.5932,67.5932,67.8402,67.8402,0,0,0,0,0,0,0,0,0,21.9386
0.372,0,67.5932,67.5932,67.8402,67.8402,0,0,0,0,0,0,0,0,0,21.9383
0.374,0,67.5932,67.5932,67.8402,67.8402,0,0,0,0,0,0,0,0,0,21.9381
0.376,0,67.5932,67.5932,67.8402,67.8402,0,0,0,0,0,0,0,0,0,21.9379
0.378,0,67.5932,67.5932,67.8402,67.8402,0,0,0,0,0,0,0,0,0,21.9377
0.38,0,67.6662,67.6662,67.9132,67.9132,0,0,0,0,0,0,0,0,0,21.9374
0.382,0,67.6662,67.6662,67.9132,67.9132,0,0,0,0,0,0,0,0,0,21.9372
0.384,0,67.6662,67.6662,67.9132,67.9132,0,0,0,0,0,0,0,0,0,21.937
0.386,0,67.6662,67.6662,67.9132,67.9132,0,0,0,0,0,0,0,0,0,21.9368
0.388,0,67.6662,67.6662,67.9132,67.9132,0,0,0,0,0,0,0,0,0,21.9365
0.39,0,67.478,67.478,67.725,67.725,0,0,0,0,0,0,0,0,0,21.9363
0.392,0,67.478,67.478,67.725,67.725,0,0,0,0,0,0,0,0,0,21.9361
0.394,0,67.478,67.478,67.725,67.725,0,0,0,0,0,0,0,0,0,21.9359
0.396,0,67.478,67.478,67.725,67.725,0,0,0,0,0,0,0,0,0,21.9356
0.398,0,67.478,67.478,67.725,67.725,0,0,0,0,0,0,0,0,0,21.9354
0.4,0,67.296,67.296,67.543,67.543,0,0,0,0,0,0,0,0,0,21.9352
0.402,0,67.296,67.296,67.543,67.543,0,0,0,0,0,0,0,0,0,21.935
0.404,0,67.296,67.296,67.543,67.543,0,0,0,0,0,0,0,0,0,21.9347
0.406,0,67.296,67.296,67.543,67.543,0,0,0,0,0,0,0,0,0,21.9345
0.408,0,67.296,67.296,67.543,67.543,0,0,0,0,0,0,0,0,0,21.9343
0.41,0,67.5998,67.5998,67.8468,67.8468,0,0,0,0,0,0,0,0,0,21.934
0.412,0,67.5998,67.5998,67.8468,67.8468,0,0,0,0,0,0,0,0,0,21.9338
0.414,0,67.5998,67.5998,67.8468,67.8468,0,0,0,0,0,0,0,0,0,21.9336
0.416,0,67.5998,67.5998,67.8468,67.8468,0,0,0,0,0,0,0,0,0,21.9334
0.418,0,67.5998,67.5998,67.8468,67.8468,0,0,0,0,0,0,0,0,0,21.9331
0.42,0,67.4682,67.4682,67.7151,67.7151,0,0,0,0,0,0,0,0,0,21.9329
0.422,0,67.4682,67.4682,67.7151,67.7151,0,0,0,0,0,0,0,0,0,21.9327
0.424,0,67.4682,67.4682,67.7151,67.7151,0,0,0,0,0,0,0,0,0,21.9325
0.426,0,67.4682,67.4682,67.7151,67.7151,0,0,0,0,0,0,0,0,0,21.9322
0.428,0,67.4682,67.4682,67.7151,67.7151,0,0,0,0,0,0,0,0,0,21.932
0.43,0,67.3478,67.3478,67.5947,67.5947,0,0,0,0,0,0,0,0,0,21.9318
0.432,0,67.3478,67.3478,67.5947,67.5947,0,0,0,0,0,0,0,0,0,21.9316
0.434,0,67.3478,67.3478,67.5947,67.5947,0,0,0,0,0,0,0,0,0,21.9313
0.436,0,67.3478,67.3478,67.5947,67.5947,0,0,0,0,0,0,0,0,0,21.9311
0.438,0,67.3478,67.3478,67.5947,67.5947,0,0,0,0,0,0,0,0,0,21.9309
0.44,0,67.4712,67.4712,67.7181,67.7181,0,0,0,0,0,0,0,0,0,21.9307
0.442,0,67.4712,67.4712,67.7181,67.7181,0,0,0,0,0,0,0,0,0,21.9304
0.444,0,67.4712,67.4712,67.7181,67.7181,0,0,0,0,0,0,0,0,0,21.9302
0.446,0,67.4712,67.4712,67.7181,67.7181,0,0,0,0,0,0,0,0,0,21.93
0.448,0,67.4712,67.4712,67.7181,67.7181,0,0,0,0,0,0,0,0,0,21.9298
0.45,0,67.2503,67.2503,67.4973,67.4973,0,0,0,0,0,0,0,0,0,21.9295
0.452,0,67.2503,67.2503,67.4973,67.4973,0,0,0,0,0,0,0,0,0,21.9293
0.454,0,67.2503,67.2503,67.4973,67.4973,0,0,0,0,0,0,0,0,0,21.9291
0.456,0,67.2503,67.2503,67.4973,67.4973,0,0,0,0,0,0,0,0,0,21.9289
0.458,0,67.2503,67.2503,67.4973,67.4973,0,0,0,0,0,0,0,0,0,21.9286
0.46,0,67.4733,67.4733,67.7202,67.7202,0,0,0,0,0,0,0,0,0,21.9284
0.462,0,67.4733,67.4733,67.7202,67.7202,0,0,0,0,0,0,0,0,0,21.9282
0.464,0,67.4733,67.4733,67.7202,67.7202,0,0,0,0,0,0,0,0,0,21.928
0.466,0,67.4733,67.4733,67.7202,67.7202,0,0,0,0,0,0,0,0,0,21.9277
0.468,0,67.4733,67.4733,67.7202,67.7202,0,0,0,0,0,0,0,0,0,21.9275
0.47,0,67.3802,67.3802,67.6271,67.6271,0,0,0,0,0,0,0,0,0,21.9273
0.472,0,67.3802,67.3802,67.6271,67.6271,0,0,0,0,0,0,0,0,0,21.9271
0.474,0,67.3802,67.3802,67.6271,67.6271,0,0,0,0,0,0,0,0,0,21.9268
0.476,0,67.3802,67.3802,67.6271,67.6271,0,0,0,0,0,0,0,0,0,21.9266
0.478,0,67.3802,67.3802,67.6271,67.6271,0,0,0,0,0,0,0,0,0,21.9264
0.48,0,67.6305,67.6305,67.8774,67.8774,0,0,0,0,0,0,0,0,0,21.9262
0.482,0,67.6305,67.6305,67.8774,67.8774,0,0,0,0,0,0,0,0,0,21.9259
0.484,0,67.6305,67.6305,67.8774,67.8774,0,0,0,0,0,0,0,0,0,21.9257
0.486,0,67.6305,67.6305,67.8774,67.8774,0,0,0,0,0,0,0,0,0,21.9255
0.488,0,67.6305,67.6305,67.8774,67.8774,0,0,0,0,0,0,0,0,0,21.9253
0.49,0,67.4865,67.4865,67.7334,67.7334,0,0,0,0,0,0,0,0,0,21.925
0.492,0,67.4865,67.4865,67.7334,67.7334,0,0,0,0,0,0,0,0,0,21.9248
0.494,0,67.4865,67.4865,67.7334,67.7334,0,0,0,0,0,0,0,0,0,21.9246
0.496,0,67.4865,67.4865,67.7334,67.7334,0,0,0,0,0,0,0,0,0,21.9244
0.498,0,67.4865,67.4865,67.7334,67.7334,0,0,0,0,0,0,0,0,0,21.9241
0.5,0,67.3989,67.3989,67.6457,67.6457,0,0,0,0,0,0,0,0,0,21.9239
0.502,0,67.3989,67.3989,67.6457,67.6457,0,0,0,0,0,0,0,0,0,21.9237
0.504,0,67.3989,67.3989,67.6457,67.6457,0,0,0,0,0,0,0,0,0,21.9235
0.506,0,67.3989,67.3989,67.6457,67.6457,0,0,0,0,0,0,0,0,0,21.9232
0.508,0,67.3989,67.3989,67.6457,67.6457,0,0,0,0,0,0,0,0,0,21.923
0.51,0,67.4887,67.4887,67.7356,67.7356,0,0,0,0,0,0,0,0,0,21.9228
0.512,0,67.4887,67.4887,67.7356,67.7356,0,0,0,0,0,0,0,0,0,21.9226
0.514,0,67.4887,67.4887,67.7356,67.7356,0,0,0,0,0,0,0,0,0,21.9223
0.516,0,67.4887,67.4887,67.7356,67.7356,0,0,0,0,0,0,0,0,0,21.9221
0.518,0,67.4887,67.4887,67.7356,67.7356,0,0,0,0,0,0,0,0,0,21.9219
0.52,0,67.3696,67.3696,67.6165,67.6165,0,0,0,0,0,0,0,0,0,21.9217
0.522,0,67.3696,67.3696,67.6165,67.6165,0,0,0,0,0,0,0,0,0,21.9214
0.524,0,67.3696,67.3696,67.6165,67.6165,0,0,0,0,0,0,0,0,0,21.9212
0.526,0,67.3696,67.3696,67.6165,67.6165,0,0,0,0,0,0,0,0,0,21.921
0.528,0,67.3696,67.3696,67.6165,67.6165,0,0,0,0,0,0,0,0,0,21.9208
0.53,0,67.4835,67.4835,67.7303,67.7303,0,0,0,0,0,0,0,0,0,21.9205
0.532,0,67.4835,67.4835,67.7303,67.7303,0,0,0,0,0,0,0,0,0,21.9203
0.534,0,67.4835,67.4835,67.7303,67.7303,0,0,0,0,0,0,0,0,0,21.9201
0.536,0,67.4835,67.4835,67.7303,67.7303,0,0,0,0,0,0,0,0,0,21.9198
0.538,0,67.4835,67.4835,67.7303,67.7303,0,0,0,0,0,0,0,0,0,21.9196
0.54,0,67.3465,67.3465,67.5933,67.5933,0,0,0,0,0,0,0,0,0,21.9194
0.542,0,67.3465,67.3465,67.5933,67.5933,0,0,0,0,0,0,0,0,0,21.9192
0.544,0,67.3465,67.3465,67.5933,67.5933,0,0,0,0,0,0,0,0,0,21.9189
0.546,0,67.3465,67.3465,67.5933,67.5933,0,0,0,0,0,0,0,0,0,21.9187
0.548,0,67.3465,67.3465,67.5933,67.5933,0,0,0,0,0,0,0,0,0,21.9185
0.55,0,67.4669,67.4669,67.7137,67.7137,0,0,0,0,0,0,0,0,0,21.9183
0.552,0,67.4669,67.4669,67.7137,67.7137,0,0,0,0,0,0,0,0,0,21.918
0.554,0,67.4669,67.4669,67.7137,67.7137,0,0,0,0,0,0,0,0,0,21.9178
0.556,0,67.4669,67.4669,67.7137,67.7137,0,0,0,0,0,0,0,0,0,21.9176
0.558,0,67.4669,67.4669,67.7137,67.7137,0,0,0,0,0,0,0,0,0,21.9174
0.56,0,67.4351,67.4351,67.6819,67.6819,0,0,0,0,0,0,0,0,0,21.9171
0.562,0,67.4351,67.4351,67.6819,67.6819,0,0,0,0,0,0,0,0,0,21.9169
0.564,0,67.4351,67.4351,67.6819,67.6819,0,0,0,0,0,0,0,0,0,21.9167
0.566,0,67.4351,67.4351,67.6819,67.6819,0,0,0,0,0,0,0,0,0,21.9165
0.568,0,67.4351,67.4351,67.6819,67.6819,0,0,0,0,0,0,0,0,0,21.9162
0.57,0,67.2723,67.2723,67.5191,67.5191,0,0,0,0,0,0,0,0,0,21.916
0.572,0,67.2723,67.2723,67.5191,67.5191,0,0,0,0,0,0,0,0,0,21.9158
0.574,0,67.2723,67.2723,67.5191,67.5191,0,0,0,0,0,0,0,0,0,21.9156
0.576,0,67.2723,67.2723,67.5191,67.5191,0,0,0,0,0,0,0,0,0,21.9153
0.578,0,67.2723,67.2723,67.5191,67.5191,0,0,0,0,0,0,0,0,0,21.9151
0.58,0,67.4118,67.4118,67.6585,67.6585,0,0,0,0,0,0,0,0,0,21.9149
0.582,0,67.4118,67.4118,67.6585,67.6585,0,0,0,0,0,0,0,0,0,21.9147
0.584,0,67.4118,67.4118,67.6585,67.6585,0,0,0,0,0,0,0,0,0,21.9144
0.586,0,67.4118,67.4118,67.6585,67.6585,0,0,0,0,0,0,0,0,0,21.9142
0.588,0,67.4118,67.4118,67.6585,67.6585,0,0,0,0,0,0,0,0,0,21.914
0.59,0,67.4706,67.4706,67.7173,67.7173,0,0,0,0,0,0,0,0,0,21.9138
0.592,0,67.4706,67.4706,67.7173,67.7173,0,0,0,0,0,0,0,0,0,21.9135
0.594,0,67.4706,67.4706,67.7173,67.7173,0,0,0,0,0,0,0,0,0,21.9133
0.596,0,67.4706,67.4706,67.7173,67.7173,0,0,0,0,0,0,0,0,0,21.9131
0.598,0,67.4706,67.4706,67.7173,67.7173,0,0,0,0,0,0,0,0,0,21.9129
0.6,0,67.2618,67.2618,67.5085,67.5085,0,0,0,0,0,0,0,0,0,21.9126
0.602,0,67.2618,67.2618,67.5085,67.5085,0,0,0,0,0,0,0,0,0,21.9124
0.604,0,67.2618,67.2618,67.5085,67.5085,0,0,0,0,0,0,0,0,0,21.9122
0.606,0,67.2618,67.2618,67.5085,67.5085,0,0,0,0,0,0,0,0,0,21.912
0.608,0,67.2618,67.2618,67.5085,67.5085,0,0,0,0,0,0,0,0,0,21.9117
0.61,0,67.5558,67.5558,67.8025,67.8025,0,0,0,0,0,0,0,0,0,21.9115
0.612,0,67.5558,67.5558,67.8025,67.8025,0,0,0,0,0,0,0,0,0,21.9113
0.614,0,67.5558,67.5558,67.8025,67.8025,0,0,0,0,0,0,0,0,0,21.9111
0.616,0,67.5558,67.5558,67.8025,67.8025,0,0,0,0,0,0,0,0,0,21.9108
0.618,0,67.5558,67.5558,67.8025,67.8025,0,0,0,0,0,0,0,0,0,21.9106
0.62,0,67.3236,67.3236,67.5704,67.5704,0,0,0,0,0,0,0,0,0,21.9104
0.622,0,67.3236,67.3236,67.5704,67.5704,0,0,0,0,0,0,0,0,0,21.9102
0.624,0,67.3236,67.3236,67.5704,67.5704,0,0,0,0,0,0,0,0,0,21.9099
0.626,0,67.3236,67.3236,67.5704,67.5704,0,0,0,0,0,0,0,0,0,21.9097
0.628,0,67.3236,67.3236,67.5704,67.5704,0,0,0,0,0,0,0,0,0,21.9095
0.63,0,67.5329,67.5329,67.7796,67.7796,0,0,0,0,0,0,0,0,0,21.9093
0.632,0,67.5329,67.5329,67.7796,67.7796,0,0,0,0,0,0,0,0,0,21.909
0.634,0,67.5329,67.5329,67.7796,67.7796,0,0,0,0,0,0,0,0,0,21.9088
0.636,0,67.5329,67.5329,67.7796,67.7796,0,0,0,0,0,0,0,0,0,21.9086
0.638,0,67.5329,67.5329,67.7796,67.7796,0,0,0,0,0,0,0,0,0,21.9084
0.64,0,67.3984,67.3984,67.6451,67.6451,0,0,0,0,0,0,0,0,0,21.9081
0.642,0,67.3984,67.3984,67.6451,67.6451,0,0,0,0,0,0,0,0,0,21.9079
0.644,0,67.3984,67.3984,67.6451,67.6451,0,0,0,0,0,0,0,0,0,21.9077
0.646,0,67.3984,67.3984,67.6451,67.6451,0,0,0,0,0,0,0,0,0,21.9075
0.648,0,67.3984,67.3984,67.6451,67.6451,0,0,0,0,0,0,0,0,0,21.9072
0.65,0,67.2415,67.2415,67.4882,67.4882,0,0,0,0,0,0,0,0,0,21.907
0.652,0,67.2415,67.2415,67.4882,67.4882,0,0,0,0,0,0,0,0,0,21.9068
0.654,0,67.2415,67.2415,67.4882,67.4882,0,0,0,0,0,0,0,0,0,21.9066
0.656,0,67.2415,67.2415,67.4882,67.4882,0,0,0,0,0,0,0,0,0,21.9063
0.658,0,67.2415,67.2415,67.4882,67.4882,0,0,0,0,0,0,0,0,0,21.9061
0.66,0,67.3359,67.3359,67.5825,67.5825,0,0,0,0,0,0,0,0,0,21.9059
0.662,0,67.3359,67.3359,67.5825,67.5825,0,0,0,0,0,0,0,0,0,21.9056
0.664,0,67.3359,67.3359,67.5825,67.5825,0,0,0,0,0,0,0,0,0,21.9054
0.666,0,67.3359,67.3359,67.5825,67.5825,0,0,0,0,0,0,0,0,0,21.9052
0.668,0,67.3359,67.3359,67.5825,67.5825,0,0,0,0,0,0,0,0,0,21.905
0.67,0,67.2679,67.2679,67.5146,67.5146,0,0,0,0,0,0,0,0,0,21.9047
0.672,0,67.2679,67.2679,67.5146,67.5146,0,0,0,0,0,0,0,0,0,21.9045
0.674,0,67.2679,67.2679,67.5146,67.5146,0,0,0,0,0,0,0,0,0,21.9043
0.676,0,67.2679,67.2679,67.5146,67.5146,0,0,0,0,0,0,0,0,0,21.9041
0.678,0,67.2679,67.2679,67.5146,67.5146,0,0,0,0,0,0,0,0,0,21.9038
0.68,0,67.2413,67.2413,67.4879,67.4879,0,0,0,0,0,0,0,0,0,21.9036
0.682,0,67.2413,67.2413,67.4879,67.4879,0,0,0,0,0,0,0,0,0,21.9034
0.684,0,67.2413,67.2413,67.4879,67.4879,0,0,0,0,0,0,0,0,0,21.9032
0.686,0,67.2413,67.2413,67.4879,67.4879,0,0,0,0,0,0,0,0,0,21.9029
0.688,0,67.2413,67.2413,67.4879,67.4879,0,0,0,0,0,0,0,0,0,21.9027
0.69,0,67.1704,67.1704,67.417,67.417,0,0,0,0,0,0,0,0,0,21.9025
0.692,0,67.1704,67.1704,67.417,67.417,0,0,0,0,0,0,0,0,0,21.9023
0.694,0,67.1704,67.1704,67.417,67.417,0,0,0,0,0,0,0,0,0,21.902
0.696,0,67.1704,67.1704,67.417,67.417,0,0,0,0,0,0,0,0,0,21.9018
0.698,0,67.1704,67.1704,67.417,67.417,0,0,0,0,0,0,0,0,0,21.9016
0.7,0,67.2345,67.2345,67.4811,67.4811,0,0,0,0,0,0,0,0,0,21.9014
0.702,0,67.2345,67.2345,67.4811,67.4811,0,0,0,0,0,0,0,0,0,21.9011
0.704,0,67.2345,67.2345,67.4811,67.4811,0,0,0,0,0,0,0,0,0,21.9009
0.706,0,67.2345,67.2345,67.4811,67.4811,0,0,0,0,0,0,0,0,0,21.9007
0.708,0,67.2345,67.2345,67.4811,67.4811,0,0,0,0,0,0,0,0,0,21.9005
0.71,0,67.2841,67.2841,67.5307,67.5307,0,0,0,0,0,0,0,0,0,21.9002
0.712,0,67.2841,67.2841,67.5307,67.5307,0,0,0,0,0,0,0,0,0,21.9
0.714,0,67.2841,67.2841,67.5307,67.5307,0,0,0,0,0,0,0,0,0,21.8998
0.716,0,67.2841,67.2841,67.5307,67.5307,0,0,0,0,0,0,0,0,0,21.8996
0.718,0,67.2841,67.2841,67.5307,67.5307,0,0,0,0,0,0,0,0,0,21.8993
0.72,0,67.3317,67.3317,67.5783,67.5783,0,0,0,0,0,0,0,0,0,21.8991
0.722,0,67.3317,67.3317,67.5783,67.5783,0,0,0,0,0,0,0,0,0,21.8989
0.724,0,67.3317,67.3317,67.5783,67.5783,0,0,0,0,0,0,0,0,0,21.8987
0.726,0,67.3317,67.3317,67.5783,67.5783,0,0,0,0,0,0,0,0,0,21.8984
0.728,0,67.3317,67.3317,67.5783,67.5783,0,0,0,0,0,0,0,0,0,21.8982
0.73,0,67.2013,67.2013,67.4478,67.4478,0,0,0,0,0,0,0,0,0,21.898
0.732,0,67.2013,67.2013,67.4478,67.4478,0,0,0,0,0,0,0,0,0,21.8978
0.734,0,67.2013,67.2013,67.4478,67.4478,0,0,0,0,0,0,0,0,0,21.8975
0.736,0,67.2013,67.2013,67.4478,67.4478,0,0,0,0,0,0,0,0,0,21.8973
0.738,0,67.2013,67.2013,67.4478,67.4478,0,0,0,0,0,0,0,0,0,21.8971
0.74,0,67.3488,67.3488,67.5954,67.5954,0,0,0,0,0,0,0,0,0,21.8969
0.742,0,67.3488,67.3488,67.5954,67.5954,0,0,0,0,0,0,0,0,0,21.8966
0.744,0,67.3488,67.3488,67.5954,67.5954,0,0,0,0,0,0,0,0,0,21.8964
0.746,0,67.3488,67.3488,67.5954,67.5954,0,0,0,0,0,0,0,0,0,21.8962
0.748,0,67.3488,67.3488,67.5954,67.5954,0,0,0,0,0,0,0,0,0,21.896
0.75,0,67.4132,67.4132,67.6598,67.6598,0,0,0,0,0,0,0,0,0,21.8957
0.752,0,67.4132,67.4132,67.6598,67.6598,0,0,0,0,0,0,0,0,0,21.8955
0.754,0,67.4132,67.4132,67.6598,67.6598,0,0,0,0,0,0,0,0,0,21.8953
0.756,0,67.4132,67.4132,67.6598,67.6598,0,0,0,0,0,0,0,0,0,21.8951
0.758,0,67.4132,67.4132,67.6598,67.6598,0,0,0,0,0,0,0,0,0,21.8948
0.76,0,67.3366,67.3366,67.5831,67.5831,0,0,0,0,0,0,0,0,0,21.8946
0.762,0,67.3366,67.3366,67.5831,67.5831,0,0,0,0,0,0,0,0,0,21.8944
0.764,0,67.3366,67.3366,67.5831,67.5831,0,0,0,0,0,0,0,0,0,21.8942
0.766,0,67.3366,67.3366,67.5831,67.5831,0,0,0,0,0,0,0,0,0,21.8939
0.768,0,67.3366,67.3366,67.5831,67.5831,0,0,0,0,0,0,0,0,0,21.8937
0.77,0,67.4099,67.4099,67.6565,67.6565,0,0,0,0,0,0,0,0,0,21.8935
0.772,0,67.4099,67.4099,67.6565,67.6565,0,0,0,0,0,0,0,0,0,21.8933
0.774,0,67.4099,67.4099,67.6565,67.6565,0,0,0,0,0,0,0,0,0,21.893
0.776,0,67.4099,67.4099,67.6565,67.6565,0,0,0,0,0,0,0,0,0,21.8928
0.778,0,67.4099,67.4099,67.6565,67.6565,0,0,0,0,0,0,0,0,0,21.8926
0.78,0,67.3517,67.3517,67.5982,67.5982,0,0,0,0,0,0,0,0,0,21.8924
0.782,0,67.3517,67.3517,67.5982,67.5982,0,0,0,0,0,0,0,0,0,21.8921
0.784,0,67.3517,67.3517,67.5982,67.5982,0,0,0,0,0,0,0,0,0,21.8919
0.786,0,67.3517,67.3517,67.5982,67.5982,0,0,0,0,0,0,0,0,0,21.8917
0.788,0,67.3517,67.3517,67.5982,67.5982,0,0,0,0,0,0,0,0,0,21.8915
0.79,0,67.3182,67.3182,67.5647,67.5647,0,0,0,0,0,0,0,0,0,21.8912
0.792,0,67.3182,67.3182,67.5647,67.5647,0,0,0,0,0,0,0,0,0,21.891
0.794,0,67.3182,67.3182,67.5647,67.5647,0,0,0,0,0,0,0,0,0,21.8908
0.796,0,67.3182,67.3182,67.5647,67.5647,0,0,0,0,0,0,0,0,0,21.8906
0.798,0,67.3182,67.3182,67.5647,67.5647,0,0,0,0,0,0,0,0,0,21.8903
0.8,0,67.2627,67.2627,67.5092,67.5092,0,0,0,0,0,0,0,0,0,21.8901
0.802,0,67.2627,67.2627,67.5092,67.5092,0,0,0,0,0,0,0,0,0,21.8899
0.804,0,67.2627,67.2627,67.5092,67.5092,0,0,0,0,0,0,0,0,0,21.8896
0.806,0,67.2627,67.2627,67.5092,67.5092,0,0,0,0,0,0,0,0,0,21.8894
0.808,0,67.2627,67.2627,67.5092,67.5092,0,0,0,0,0,0,0,0,0,21.8892
0.81,0,67.359,67.359,67.6055,67.6055,0,0,0,0,0,0,0,0,0,21.889
0.812,0,67.359,67.359,67.6055,67.6055,0,0,0,0,0,0,0,0,0,21.8887
0.814,0,67.359,67.359,67.6055,67.6055,0,0,0,0,0,0,0,0,0,21.8885
0.816,0,67.359,67.359,67.6055,67.6055,0,0,0,0,0,0,0,0,0,21.8883
0.818,0,67.359,67.359,67.6055,67.6055,0,0,0,0,0,0,0,0,0,21.8881
0.82,0,67.3834,67.3834,67.6299,67.6299,0,0,0,0,0,0,0,0,0,21.8878
0.822,0,67.3834,67.3834,67.6299,67.6299,0,0,0,0,0,0,0,0,0,21.8876
0.824,0,67.3834,67.3834,67.6299,67.6299,0,0,0,0,0,0,0,0,0,21.8874
0.826,0,67.3834,67.3834,67.6299,67.6299,0,0,0,0,0,0,0,0,0,21.8872
0.828,0,67.3834,67.3834,67.6299,67.6299,0,0,0,0,0,0,0,0,0,21.8869
0.83,0,67.3939,67.3939,67.6404,67.6404,0,0,0,0,0,0,0,0,0,21.8867
0.832,0,67.3939,67.3939,67.6404,67.6404,0,0,0,0,0,0,0,0,0,21.8865
0.834,0,67.3939,67.3939,67.6404,67.6404,0,0,0,0,0,0,0,0,0,21.8863
0.836,0,67.3939,67.3939,67.6404,67.6404,0,0,0,0,0,0,0,0,0,21.886
0.838,0,67.3939,67.3939,67.6404,67.6404,0,0,0,0,0,0,0,0,0,21.8858
0.84,0,67.4229,67.4229,67.6693,67.6693,0,0,0,0,0,0,0,0,0,21.8856
0.842,0,67.4229,67.4229,67.6693,67.6693,0,0,0,0,0,0,0,0,0,21.8854
0.844,0,67.4229,67.4229,67.6693,67.6693,0,0,0,0,0,0,0,0,0,21.8851
0.846,0,67.4229,67.4229,67.6693,67.6693,0,0,0,0,0,0,0,0,0,21.8849
0.848,0,67.4229,67.4229,67.6693,67.6693,0,0,0,0,0,0,0,0,0,21.8847
0.85,0,67.2464,67.2464,67.4929,67.4929,0,0,0,0,0,0,0,0,0,21.8845
0.852,0,67.2464,67.2464,67.4929,67.4929,0,0,0,0,0,0,0,0,0,21.8842
0.854,0,67.2464,67.2464,67.4929,67.4929,0,0,0,0,0,0,0,0,0,21.884
0.856,0,67.2464,67.2464,67.4929,67.4929,0,0,0,0,0,0,0,0,0,21.8838
0.858,0,67.2464,67.2464,67.4929,67.4929,0,0,0,0,0,0,0,0,0,21.8836
0.86,0,67.388,67.388,67.6344,67.6344,0,0,0,0,0,0,0,0,0,21.8833
0.862,0,67.388,67.388,67.6344,67.6344,0,0,0,0,0,0,0,0,0,21.8831
0.864,0,67.388,67.388,67.6344,67.6344,0,0,0,0,0,0,0,0,0,21.8829
0.866,0,67.388,67.388,67.6344,67.6344,0,0,0,0,0,0,0,0,0,21.8827
0.868,0,67.388,67.388,67.6344,67.6344,0,0,0,0,0,0,0,0,0,21.8824
0.87,0,67.2121,67.2121,67.4585,67.4585,0,0,0,0,0,0,0,0,0,21.8822
0.872,0,67.2121,67.2121,67.4585,67.4585,0,0,0,0,0,0,0,0,0,21.882
0.874,0,67.2121,67.2121,67.4585,67.4585,0,0,0,0,0,0,0,0,0,21.8818
0.876,0,67.2121,67.2121,67.4585,67.4585,0,0,0,0,0,0,0,0,0,21.8815
0.878,0,67.2121,67.2121,67.4585,67.4585,0,0,0,0,0,0,0,0,0,21.8813
0.88,0,67.1695,67.1695,67.4159,67.4159,0,0,0,0,0,0,0,0,0,21.8811
0.882,0,67.1695,67.1695,67.4159,67.4159,0,0,0,0,0,0,0,0,0,21.8809
0.884,0,67.1695,67.1695,67.4159,67.4159,0,0,0,0,0,0,0,0,0,21.8806
0.886,0,67.1695,67.1695,67.4159,67.4159,0,0,0,0,0,0,0,0,0,21.8804
0.888,0,67.1695,67.1695,67.4159,67.4159,0,0,0,0,0,0,0,0,0,21.8802
0.89,0,67.4216,67.4216,67.668,67.668,0,0,0,0,0,0,0,0,0,21.88
0.892,0,67.4216,67.4216,67.668,67.668,0,0,0,0,0,0,0,0,0,21.8797
0.894,0,67.4216,67.4216,67.668,67.668,0,0,0,0,0,0,0,0,0,21.8795
0.896,0,67.4216,67.4216,67.668,67.668,0,0,0,0,0,0,0,0,0,21.8793
0.898,0,67.4216,67.4216,67.668,67.668,0,0,0,0,0,0,0,0,0,21.8791
0.9,0,67.2022,67.2022,67.4486,67.4486,0,0,0,0,0,0,0,0,0,21.8788
0.902,0,67.2022,67.2022,67.4486,67.4486,0,0,0,0,0,0,0,0,0,21.8786
0.904,0,67.2022,67.2022,67.4486,67.4486,0,0,0,0,0,0,0,0,0,21.8784
0.906,0,67.2022,67.2022,67.4486,67.4486,0,0,0,0,0,0,0,0,0,21.8782
0.908,0,67.2022,67.2022,67.4486,67.4486,0,0,0,0,0,0,0,0,0,21.8779
0.91,0,67.3204,67.3204,67.5667,67.5667,0,0,0,0,0,0,0,0,0,21.8777
0.912,0,67.3204,67.3204,67.5667,67.5667,0,0,0,0,0,0,0,0,0,21.8775
0.914,0,67.3204,67.3204,67.5667,67.5667,0,0,0,0,0,0,0,0,0,21.8773
0.916,0,67.3204,67.3204,67.5667,67.5667,0,0,0,0,0,0,0,0,0,21.877
0.918,0,67.3204,67.3204,67.5667,67.5667,0,0,0,0,0,0,0,0,0,21.8768
0.92,0,67.2518,67.2518,67.4982,67.4982,0,0,0,0,0,0,0,0,0,21.8766
0.922,0,67.2518,67.2518,67.4982,67.4982,0,0,0,0,0,0,0,0,0,21.8764
0.924,0,67.2518,67.2518,67.4982,67.4982,0,0,0,0,0,0,0,0,0,21.8761
0.926,0,67.2518,67.2518,67.4982,67.4982,0,0,0,0,0,0,0,0,0,21.8759
0.928,0,67.2518,67.2518,67.4982,67.4982,0,0,0,0,0,0,0,0,0,21.8757
0.93,0,67.1095,67.1095,67.3559,67.3559,0,0,0,0,0,0,0,0,0,21.8755
0.932,0,67.1095,67.1095,67.3559,67.3559,0,0,0,0,0,0,0,0,0,21.8752
0.934,0,67.1095,67.1095,67.3559,67.3559,0,0,0,0,0,0,0,0,0,21.875
0.936,0,67.1095,67.1095,67.3559,67.3559,0,0,0,0,0,0,0,0,0,21.8748
0.938,0,67.1095,67.1095,67.3559,67.3559,0,0,0,0,0,0,0,0,0,21.8746
0.94,0,67.2692,67.2692,67.5155,67.5155,0,0,0,0,0,0,0,0,0,21.8743
0.942,0,67.2692,67.2692,67.5155,67.5155,0,0,0,0,0,0,0,0,0,21.8741
0.944,0,67.2692,67.2692,67.5155,67.5155,0,0,0,0,0,0,0,0,0,21.8739
0.946,0,67.2692,67.2692,67.5155,67.5155,0,0,0,0,0,0,0,0,0,21.8736
0.948,0,67.2692,67.2692,67.5155,67.5155,0,0,0,0,0,0,0,0,0,21.8734
0.95,0,67.2998,67.2998,67.5461,67.5461,0,0,0,0,0,0,0,0,0,21.8732
0.952,0,67.2998,67.2998,67.5461,67.5461,0,0,0,0,0,0,0,0,0,21.873
0.954,0,67.2998,67.2998,67.5461,67.5461,0,0,0,0,0,0,0,0,0,21.8727
0.956,0,67.2998,67.2998,67.5461,67.5461,0,0,0,0,0,0,0,0,0,21.8725
0.958,0,67.2998,67.2998,67.5461,67.5461,0,0,0,0,0,0,0,0,0,21.8723
0.96,0,67.3157,67.3157,67.562,67.562,0,0,0,0,0,0,0,0,0,21.8721
0.962,0,67.3157,67.3157,67.562,67.562,0,0,0,0,0,0,0,0,0,21.8718
0.964,0,67.3157,67.3157,67.562,67.562,0,0,0,0,0,0,0,0,0,21.8716
0.966,0,67.3157,67.3157,67.562,67.562,0,0,0,0,0,0,0,0,0,21.8714
0.968,0,67.3157,67.3157,67.562,67.562,0,0,0,0,0,0,0,0,0,21.8712
0.97,0,67.1924,67.1924,67.4387,67.4387,0,0,0,0,0,0,0,0,0,21.8709
0.972,0,67.1924,67.1924,67.4387,67.4387,0,0,0,0,0,0,0,0,0,21.8707
0.974,0,67.1924,67.1924,67.4387,67.4387,0,0,0,0,0,0,0,0,0,21.8705
0.976,0,67.1924,67.1924,67.4387,67.4387,0,0,0,0,0,0,0,0,0,21.8703
0.978,0,67.1924,67.1924,67.4387,67.4387,0,0,0,0,0,0,0,0,0,21.87
0.98,0,67.1516,67.1516,67.3979,67.3979,0,0,0,0,0,0,0,0,0,21.8698
0.982,0,67.1516,67.1516,67.3979,67.3979,0,0,0,0,0,0,0,0,0,21.8696
0.984,0,67.1516,67.1516,67.3979,67.3979,0,0,0,0,0,0,0,0,0,21.8694
0.986,0,67.1516,67.1516,67.3979,67.3979,0,0,0,0,0,0,0,0,0,21.8691
0.988,0,67.1516,67.1516,67.3979,67.3979,0,0,0,0,0,0,0,0,0,21.8689
0.99,0,67.2786,67.2786,67.5249,67.5249,0,0,0,0,0,0,0,0,0,21.8687
0.992,0,67.2786,67.2786,67.5249,67.5249,0,0,0,0,0,0,0,0,0,21.8685
0.994,0,67.2786,67.2786,67.5249,67.5249,0,0,0,0,0,0,0,0,0,21.8682
0.996,0,67.2786,67.2786,67.5249,67.5249,0,0,0,0,0,0,0,0,0,21.868
0.998,0,67.2786,67.2786,67.5249,67.5249,0,0,0,0,0,0,0,0,0,21.8678
1,0,67.3324,67.3324,67.5787,67.5787,0,0,0,0,0,0,0,0,0,21.8676
1.002,0,67.3324,67.3324,67.5787,67.5787,0,0,0,0,0,0,0,0,0,21.8673
1.004,0,67.3324,67.3324,67.5787,67.5787,0,0,0,0,0,0,0,0,0,21.8671
1.006,0,67.3324,67.3324,67.5787,67.5787,0,0,0,0,0,0,0,0,0,21.8669
1.008,0,67.3324,67.3324,67.5787,67.5787,0,0,0,0,0,0,0,0,0,21.8667
1.01,0,67.1882,67.1882,67.4344,67.4344,0,0,0,0,0,0,0,0,0,21.8664
1.012,0,67.1882,67.1882,67.4344,67.4344,0,0,0,0,0,0,0,0,0,21.8662
1.014,0,67.1882,67.1882,67.4344,67.4344,0,0,0,0,0,0,0,0,0,21.866
1.016,0,67.1882,67.1882,67.4344,67.4344,0,0,0,0,0,0,0,0,0,21.8658
1.018,0,67.1882,67.1882,67.4344,67.4344,0,0,0,0,0,0,0,0,0,21.8655
1.02,0,67.3188,67.3188,67.565,67.565,0,0,0,0,0,0,0,0,0,21.8653
1.022,0,67.3188,67.3188,67.565,67.565,0,0,0,0,0,0,0,0,0,21.8651
1.024,0,67.3188,67.3188,67.565,67.565,0,0,0,0,0,0,0,0,0,21.8649
1.026,0,67.3188,67.3188,67.565,67.565,0,0,0,0,0,0,0,0,0,21.8646
1.028,0,67.3188,67.3188,67.565,67.565,0,0,0,0,0,0,0,0,0,21.8644
1.03,0,67.343,67.343,67.5892,67.5892,0,0,0,0,0,0,0,0,0,21.8642
1.032,0,67.343,67.343,67.5892,67.5892,0,0,0,0,0,0,0,0,0,21.864
1.034,0,67.343,67.343,67.5892,67.5892,0,0,0,0,0,0,0,0,0,21.8637
1.036,0,67.343,67.343,67.5892,67.5892,0,0,0,0,0,0,0,0,0,21.8635
1.038,0,67.343,67.343,67.5892,67.5892,0,0,0,0,0,0,0,0,0,21.8633
1.04,0,67.4487,67.4487,67.6949,67.6949,0,0,0,0,0,0,0,0,0,21.8631
1.042,0,67.4487,67.4487,67.6949,67.6949,0,0,0,0,0,0,0,0,0,21.8628
1.044,0,67.4487,67.4487,67.6949,67.6949,0,0,0,0,0,0,0,0,0,21.8626
1.046,0,67.4487,67.4487,67.6949,67.6949,0,0,0,0,0,0,0,0,0,21.8624
1.048,0,67.4487,67.4487,67.6949,67.6949,0,0,0,0,0,0,0,0,0,21.8622
1.05,0,67.2964,67.2964,67.5426,67.5426,0,0,0,0,0,0,0,0,0,21.8619
1.052,0,67.2964,67.2964,67.5426,67.5426,0,0,0,0,0,0,0,0,0,21.8617
1.054,0,67.2964,67.2964,67.5426,67.5426,0,0,0,0,0,0,0,0,0,21.8615
1.056,0,67.2964,67.2964,67.5426,67.5426,0,0,0,0,0,0,0,0,0,21.8613
1.058,0,67.2964,67.2964,67.5426,67.5426,0,0,0,0,0,0,0,0,0,21.861
1.06,0,67.1847,67.1847,67.4309,67.4309,0,0,0,0,0,0,0,0,0,21.8608
1.062,0,67.1847,67.1847,67.4309,67.4309,0,0,0,0,0,0,0,0,0,21.8606
1.064,0,67.1847,67.1847,67.4309,67.4309,0,0,0,0,0,0,0,0,0,21.8604
1.066,0,67.1847,67.1847,67.4309,67.4309,0,0,0,0,0,0,0,0,0,21.8601
1.068,0,67.1847,67.1847,67.4309,67.4309,0,0,0,0,0,0,0,0,0,21.8599
1.07,0,67.2866,67.2866,67.5327,67.5327,0,0,0,0,0,0,0,0,0,21.8597
1.072,0,67.2866,67.2866,67.5327,67.5327,0,0,0,0,0,0,0,0,0,21.8595
1.074,0,67.2866,67.2866,67.5327,67.5327,0,0,0,0,0,0,0,0,0,21.8592
1.076,0,67.2866,67.2866,67.5327,67.5327,0,0,0,0,0,0,0,0,0,21.859
1.078,0,67.2866,67.2866,67.5327,67.5327,0,0,0,0,0,0,0,0,0,21.8588
1.08,0,67.3928,67.3928,67.6389,67.6389,0,0,0,0,0,0,0,0,0,21.8586
1.082,0,67.3928,67.3928,67.6389,67.6389,0,0,0,0,0,0,0,0,0,21.8583
1.084,0,67.3928,67.3928,67.6389,67.6389,0,0,0,0,0,0,0,0,0,21.8581
1.086,0,67.3928,67.3928,67.6389,67.6389,0,0,0,0,0,0,0,0,0,21.8579
1.088,0,67.3928,67.3928,67.6389,67.6389,0,0,0,0,0,0,0,0,0,21.8577
1.09,0,67.2409,67.2409,67.487,67.487,0,0,0,0,0,0,0,0,0,21.8574
1.092,0,67.2409,67.2409,67.487,67.487,0,0,0,0,0,0,0,0,0,21.8572
1.094,0,67.2409,67.2409,67.487,67.487,0,0,0,0,0,0,0,0,0,21.857
1.096,0,67.2409,67.2409,67.487,67.487,0,0,0,0,0,0,0,0,0,21.8567
1.098,0,67.2409,67.2409,67.487,67.487,0,0,0,0,0,0,0,0,0,21.8565
1.1,0,67.1366,67.1366,67.3827,67.3827,0,0,0,0,0,0,0,0,0,21.8563
1.102,0,67.1366,67.1366,67.3827,67.3827,0,0,0,0,0,0,0,0,0,21.8561
1.104,0,67.1366,67.1366,67.3827,67.3827,0,0,0,0,0,0,0,0,0,21.8558
1.106,0,67.1366,67.1366,67.3827,67.3827,0,0,0,0,0,0,0,0,0,21.8556
1.108,0,67.1366,67.1366,67.3827,67.3827,0,0,0,0,0,0,0,0,0,21.8554
1.11,0,67.0433,67.0433,67.2894,67.2894,0,0,0,0,0,0,0,0,0,21.8552
1.112,0,67.0433,67.0433,67.2894,67.2894,0,0,0,0,0,0,0,0,0,21.8549
1.114,0,67.0433,67.0433,67.2894,67.2894,0,0,0,0,0,0,0,0,0,21.8547
1.116,0,67.0433,67.0433,67.2894,67.2894,0,0,0,0,0,0,0,0,0,21.8545
1.118,0,67.0433,67.0433,67.2894,67.2894,0,0,0,0,0,0,0,0,0,21.8543
1.12,0,67.2792,67.2792,67.5253,67.5253,0,0,0,0,0,0,0,0,0,21.854
1.122,0,67.2792,67.2792,67.5253,67.5253,0,0,0,0,0,0,0,0,0,21.8538
1.124,0,67.2792,67.2792,67.5253,67.5253,0,0,0,0,0,0,0,0,0,21.8536
1.126,0,67.2792,67.2792,67.5253,67.5253,0,0,0,0,0,0,0,0,0,21.8534
1.128,0,67.2792,67.2792,67.5253,67.5253,0,0,0,0,0,0,0,0,0,21.8531
1.13,0,67.4007,67.4007,67.6468,67.6468,0,0,0,0,0,0,0,0,0,21.8529
1.132,0,67.4007,67.4007,67.6468,67.6468,0,0,0,0,0,0,0,0,0,21.8527
1.134,0,67.4007,67.4007,67.6468,67.6468,0,0,0,0,0,0,0,0,0,21.8525
1.136,0,67.4007,67.4007,67.6468,67.6468,0,0,0,0,0,0,0,0,0,21.8522
1.138,0,67.4007,67.4007,67.6468,67.6468,0,0,0,0,0,0,0,0,0,21.852
1.14,0,67.2325,67.2325,67.4786,67.4786,0,0,0,0,0,0,0,0,0,21.8518
1.142,0,67.2325,67.2325,67.4786,67.4786,0,0,0,0,0,0,0,0,0,21.8516
1.144,0,67.2325,67.2325,67.4786,67.4786,0,0,0,0,0,0,0,0,0,21.8513
1.146,0,67.2325,67.2325,67.4786,67.4786,0,0,0,0,0,0,0,0,0,21.8511
1.148,0,67.2325,67.2325,67.4786,67.4786,0,0,0,0,0,0,0,0,0,21.8509
1.15,0,67.0473,67.0473,67.2933,67.2933,0,0,0,0,0,0,0,0,0,21.8507
1.152,0,67.0473,67.0473,67.2933,67.2933,0,0,0,0,0,0,0,0,0,21.8504
1.154,0,67.0473,67.0473,67.2933,67.2933,0,0,0,0,0,0,0,0,0,21.8502
1.156,0,67.0473,67.0473,67.2933,67.2933,0,0,0,0,0,0,0,0,0,21.85
1.158,0,67.0473,67.0473,67.2933,67.2933,0,0,0,0,0,0,0,0,0,21.8498
1.16,0,67.3234,67.3234,67.5694,67.5694,0,0,0,0,0,0,0,0,0,21.8495
1.162,0,67.3234,67.3234,67.5694,67.5694,0,0,0,0,0,0,0,0,0,21.8493
1.164,0,67.3234,67.3234,67.5694,67.5694,0,0,0,0,0,0,0,0,0,21.8491
1.166,0,67.3234,67.3234,67.5694,67.5694,0,0,0,0,0,0,0,0,0,21.8489
1.168,0,67.3234,67.3234,67.5694,67.5694,0,0,0,0,0,0,0,0,0,21.8486
1.17,0,67.1949,67.1949,67.441,67.441,0,0,0,0,0,0,0,0,0,21.8484
1.172,0,67.1949,67.1949,67.441,67.441,0,0,0,0,0,0,0,0,0,21.8482
1.174,0,67.1949,67.1949,67.441,67.441,0,0,0,0,0,0,0,0,0,21.848
1.176,0,67.1949,67.1949,67.441,67.441,0,0,0,0,0,0,0,0,0,21.8477
1.178,0,67.1949,67.1949,67.441,67.441,0,0,0,0,0,0,0,0,0,21.8475
1.18,0,67.1931,67.1931,67.4391,67.4391,0,0,0,0,0,0,0,0,0,21.8473
1.182,0,67.1931,67.1931,67.4391,67.4391,0,0,0,0,0,0,0,0,0,21.8471
1.184,0,67.1931,67.1931,67.4391,67.4391,0,0,0,0,0,0,0,0,0,21.8468
1.186,0,67.1931,67.1931,67.4391,67.4391,0,0,0,0,0,0,0,0,0,21.8466
1.188,0,67.1931,67.1931,67.4391,67.4391,0,0,0,0,0,0,0,0,0,21.8464
1.19,0,67.1555,67.1555,67.4015,67.4015,0,0,0,0,0,0,0,0,0,21.8462
1.192,0,67.1555,67.1555,67.4015,67.4015,0,0,0,0,0,0,0,0,0,21.8459
1.194,0,67.1555,67.1555,67.4015,67.4015,0,0,0,0,0,0,0,0,0,21.8457
1.196,0,67.1555,67.1555,67.4015,67.4015,0,0,0,0,0,0,0,0,0,21.8455
1.198,0,67.1555,67.1555,67.4015,67.4015,0,0,0,0,0,0,0,0,0,21.8453
1.2,0,67.173,67.173,67.419,67.419,0,0,0,0,0,0,0,0,0,21.845
1.202,0,67.173,67.173,67.419,67.419,0,0,0,0,0,0,0,0,0,21.8448
1.204,0,67.173,67.173,67.419,67.419,0,0,0,0,0,0,0,0,0,21.8446
1.206,0,67.173,67.173,67.419,67.419,0,0,0,0,0,0,0,0,0,21.8444
1.208,0,67.173,67.173,67.419,67.419,0,0,0,0,0,0,0,0,0,21.8441
1.21,0,67.3773,67.3773,67.6233,67.6233,0,0,0,0,0,0,0,0,0,21.8439
1.212,0,67.3773,67.3773,67.6233,67.6233,0,0,0,0,0,0,0,0,0,21.8437
1.214,0,67.3773,67.3773,67.6233,67.6233,0,0,0,0,0,0,0,0,0,21.8435
1.216,0,67.3773,67.3773,67.6233,67.6233,0,0,0,0,0,0,0,0,0,21.8432
1.218,0,67.3773,67.3773,67.6233,67.6233,0,0,0,0,0,0,0,0,0,21.843
1.22,0,67.1684,67.1684,67.4143,67.4143,0,0,0,0,0,0,0,0,0,21.8428
1.222,0,67.1684,67.1684,67.4143,67.4143,0,0,0,0,0,0,0,0,0,21.8426
1.224,0,67.1684,67.1684,67.4143,67.4143,0,0,0,0,0,0,0,0,0,21.8423
1.226,0,67.1684,67.1684,67.4143,67.4143,0,0,0,0,0,0,0,0,0,21.8421
1.228,0,67.1684,67.1684,67.4143,67.4143,0,0,0,0,0,0,0,0,0,21.8419
1.23,0,67.1669,67.1669,67.4129,67.4129,0,0,0,0,0,0,0,0,0,21.8417
1.232,0,67.1669,67.1669,67.4129,67.4129,0,0,0,0,0,0,0,0,0,21.8414
1.234,0,67.1669,67.1669,67.4129,67.4129,0,0,0,0,0,0,0,0,0,21.8412
1.236,0,67.1669,67.1669,67.4129,67.4129,0,0,0,0,0,0,0,0,0,21.841
1.238,0,67.1669,67.1669,67.4129,67.4129,0,0,0,0,0,0,0,0,0,21.8408
1.24,0,67.0636,67.0636,67.3095,67.3095,0,0,0,0,0,0,0,0,0,21.8405
1.242,0,67.0636,67.0636,67.3095,67.3095,0,0,0,0,0,0,0,0,0,21.8403
1.244,0,67.0636,67.0636,67.3095,67.3095,0,0,0,0,0,0,0,0,0,21.8401
1.246,0,67.0636,67.0636,67.3095,67.3095,0,0,0,0,0,0,0,0,0,21.8398
1.248,0,67.0636,67.0636,67.3095,67.3095,0,0,0,0,0,0,0,0,0,21.8396
1.25,0,67.1318,67.1318,67.3777,67.3777,0,0,0,0,0,0,0,0,0,21.8394
1.252,0,67.1318,67.1318,67.3777,67.3777,0,0,0,0,0,0,0,0,0,21.8392
1.254,0,67.1318,67.1318,67.3777,67.3777,0,0,0,0,0,0,0,0,0,21.8389
1.256,0,67.1318,67.1318,67.3777,67.3777,0,0,0,0,0,0,0,0,0,21.8387
1.258,0,67.1318,67.1318,67.3777,67.3777,0,0,0,0,0,0,0,0,0,21.8385
1.26,0,67.1263,67.1263,67.3722,67.3722,0,0,0,0,0,0,0,0,0,21.8383
1.262,0,67.1263,67.1263,67.3722,67.3722,0,0,0,0,0,0,0,0,0,21.838
1.264,0,67.1263,67.1263,67.3722,67.3722,0,0,0,0,0,0,0,0,0,21.8378
1.266,0,67.1263,67.1263,67.3722,67.3722,0,0,0,0,0,0,0,0,0,21.8376
1.268,0,67.1263,67.1263,67.3722,67.3722,0,0,0,0,0,0,0,0,0,21.8374
1.27,0,67.0994,67.0994,67.3453,67.3453,0,0,0,0,0,0,0,0,0,21.8371
1.272,0,67.0994,67.0994,67.3453,67.3453,0,0,0,0,0,0,0,0,0,21.8369
1.274,0,67.0994,67.0994,67.3453,67.3453,0,0,0,0,0,0,0,0,0,21.8367
1.276,0,67.0994,67.0994,67.3453,67.3453,0,0,0,0,0,0,0,0,0,21.8365
1.278,0,67.0994,67.0994,67.3453,67.3453,0,0,0,0,0,0,0,0,0,21.8362
1.28,0,67.344,67.344,67.5899,67.5899,0,0,0,0,0,0,0,0,0,21.836
1.282,0,67.344,67.344,67.5899,67.5899,0,0,0,0,0,0,0,0,0,21.8358
1.284,0,67.344,67.344,67.5899,67.5899,0,0,0,0,0,0,0,0,0,21.8356
1.286,0,67.344,67.344,67.5899,67.5899,0,0,0,0,0,0,0,0,0,21.8353
1.288,0,67.344,67.344,67.5899,67.5899,0,0,0,0,0,0,0,0,0,21.8351
1.29,0,67.1644,67.1644,67.4103,67.4103,0,0,0,0,0,0,0,0,0,21.8349
1.292,0,67.1644,67.1644,67.4103,67.4103,0,0,0,0,0,0,0,0,0,21.8347
1.294,0,67.1644,67.1644,67.4103,67.4103,0,0,0,0,0,0,0,0,0,21.8344
1.296,0,67.1644,67.1644,67.4103,67.4103,0,0,0,0,0,0,0,0,0,21.8342
1.298,0,67.1644,67.1644,67.4103,67.4103,0,0,0,0,0,0,0,0,0,21.834
1.3,0,67.0526,67.0526,67.2985,67.2985,0,0,0,0,0,0,0,0,0,21.8338
1.302,0,67.0526,67.0526,67.2985,67.2985,0,0,0,0,0,0,0,0,0,21.8335
1.304,0,67.0526,67.0526,67.2985,67.2985,0,0,0,0,0,0,0,0,0,21.8333
1.306,0,67.0526,67.0526,67.2985,67.2985,0,0,0,0,0,0,0,0,0,21.8331
1.308,0,67.0526,67.0526,67.2985,67.2985,0,0,0,0,0,0,0,0,0,21.8329
1.31,0,67.1393,67.1393,67.3851,67.3851,0,0,0,0,0,0,0,0,0,21.8326
1.312,0,67.1393,67.1393,67.3851,67.3851,0,0,0,0,0,0,0,0,0,21.8324
1.314,0,67.1393,67.1393,67.3851,67.3851,0,0,0,0,0,0,0,0,0,21.8322
1.316,0,67.1393,67.1393,67.3851,67.3851,0,0,0,0,0,0,0,0,0,21.832
1.318,0,67.1393,67.1393,67.3851,67.3851,0,0,0,0,0,0,0,0,0,21.8317
1.32,0,67.2795,67.2795,67.5253,67.5253,0,0,0,0,0,0,0,0,0,21.8315
1.322,0,67.2795,67.2795,67.5253,67.5253,0,0,0,0,0,0,0,0,0,21.8313
1.324,0,67.2795,67.2795,67.5253,67.5253,0,0,0,0,0,0,0,0,0,21.8311
1.326,0,67.2795,67.2795,67.5253,67.5253,0,0,0,0,0,0,0,0,0,21.8308
1.328,0,67.2795,67.2795,67.5253,67.5253,0,0,0,0,0,0,0,0,0,21.8306
1.33,0,67.1809,67.1809,67.4267,67.4267,0,0,0,0,0,0,0,0,0,21.8304
1.332,0,67.1809,67.1809,67.4267,67.4267,0,0,0,0,0,0,0,0,0,21.8302
1.334,0,67.1809,67.1809,67.4267,67.4267,0,0,0,0,0,0,0,0,0,21.8299
1.336,0,67.1809,67.1809,67.4267,67.4267,0,0,0,0,0,0,0,0,0,21.8297
1.338,0,67.1809,67.1809,67.4267,67.4267,0,0,0,0,0,0,0,0,0,21.8295
1.34,0,67.1357,67.1357,67.3815,67.3815,0,0,0,0,0,0,0,0,0,21.8293
1.342,0,67.1357,67.1357,67.3815,67.3815,0,0,0,0,0,0,0,0,0,21.829
1.344,0,67.1357,67.1357,67.3815,67.3815,0,0,0,0,0,0,0,0,0,21.8288
1.346,0,67.1357,67.1357,67.3815,67.3815,0,0,0,0,0,0,0,0,0,21.8286
1.348,0,67.1357,67.1357,67.3815,67.3815,0,0,0,0,0,0,0,0,0,21.8284
1.35,0,67.1343,67.1343,67.3801,67.3801,0,0,0,0,0,0,0,0,0,21.8281
1.352,0,67.1343,67.1343,67.3801,67.3801,0,0,0,0,0,0,0,0,0,21.8279
1.354,0,67.1343,67.1343,67.3801,67.3801,0,0,0,0,0,0,0,0,0,21.8277
1.356,0,67.1343,67.1343,67.3801,67.3801,0,0,0,0,0,0,0,0,0,21.8275
1.358,0,67.1343,67.1343,67.3801,67.3801,0,0,0,0,0,0,0,0,0,21.8272
1.36,0,67.1743,67.1743,67.42,67.42,0,0,0,0,0,0,0,0,0,21.827
1.362,0,67.1743,67.1743,67.42,67.42,0,0,0,0,0,0,0,0,0,21.8268
1.364,0,67.1743,67.1743,67.42,67.42,0,0,0,0,0,0,0,0,0,21.8266
1.366,0,67.1743,67.1743,67.42,67.42,0,0,0,0,0,0,0,0,0,21.8263
1.368,0,67.1743,67.1743,67.42,67.42,0,0,0,0,0,0,0,0,0,21.8261
1.37,0,67.1825,67.1825,67.4283,67.4283,0,0,0,0,0,0,0,0,0,21.8259
1.372,0,67.1825,67.1825,67.4283,67.4283,0,0,0,0,0,0,0,0,0,21.8257
1.374,0,67.1825,67.1825,67.4283,67.4283,0,0,0,0,0,0,0,0,0,21.8254
1.376,0,67.1825,67.1825,67.4283,67.4283,0,0,0,0,0,0,0,0,0,21.8252
1.378,0,67.1825,67.1825,67.4283,67.4283,0,0,0,0,0,0,0,0,0,21.825
1.38,0,67.2652,67.2652,67.511,67.511,0,0,0,0,0,0,0,0,0,21.8248
1.382,0,67.2652,67.2652,67.511,67.511,0,0,0,0,0,0,0,0,0,21.8245
1.384,0,67.2652,67.2652,67.511,67.511,0,0,0,0,0,0,0,0,0,21.8243
1.386,0,67.2652,67.2652,67.511,67.511,0,0,0,0,0,0,0,0,0,21.8241
1.388,0,67.2652,67.2652,67.511,67.511,0,0,0,0,0,0,0,0,0,21.8239
1.39,0,67.182,67.182,67.4277,67.4277,0,0,0,0,0,0,0,0,0,21.8236
1.392,0,67.182,67.182,67.4277,67.4277,0,0,0,0,0,0,0,0,0,21.8234
1.394,0,67.182,67.182,67.4277,67.4277,0,0,0,0,0,0,0,0,0,21.8232
1.396,0,67.182,67.182,67.4277,67.4277,0,0,0,0,0,0,0,0,0,21.823
1.398,0,67.182,67.182,67.4277,67.4277,0,0,0,0,0,0,0,0,0,21.8227
1.4,0,67.0461,67.0461,67.2918,67.2918,0,0,0,0,0,0,0,0,0,21.8225
1.402,0,67.0461,67.0461,67.2918,67.2918,0,0,0,0,0,0,0,0,0,21.8223
1.404,0,67.0461,67.0461,67.2918,67.2918,0,0,0,0,0,0,0,0,0,21.8221
1.406,0,67.0461,67.0461,67.2918,67.2918,0,0,0,0,0,0,0,0,0,21.8218
1.408,0,67.0461,67.0461,67.2918,67.2918,0,0,0,0,0,0,0,0,0,21.8216
1.41,0,67.1158,67.1158,67.3615,67.3615,0,0,0,0,0,0,0,0,0,21.8214
1.412,0,67.1158,67.1158,67.3615,67.3615,0,0,0,0,0,0,0,0,0,21.8211
1.414,0,67.1158,67.1158,67.3615,67.3615,0,0,0,0,0,0,0,0,0,21.8209
1.416,0,67.1158,67.1158,67.3615,67.3615,0,0,0,0,0,0,0,0,0,21.8207
1.418,0,67.1158,67.1158,67.3615,67.3615,0,0,0,0,0,0,0,0,0,21.8205
1.42,0,67.0282,67.0282,67.2739,67.2739,0,0,0,0,0,0,0,0,0,21.8202
1.422,0,67.0282,67.0282,67.2739,67.2739,0,0,0,0,0,0,0,0,0,21.82
1.424,0,67.0282,67.0282,67.2739,67.2739,0,0,0,0,0,0,0,0,0,21.8198
1.426,0,67.0282,67.0282,67.2739,67.2739,0,0,0,0,0,0,0,0,0,21.8196
1.428,0,67.0282,67.0282,67.2739,67.2739,0,0,0,0,0,0,0,0,0,21.8193
1.43,0,67.1734,67.1734,67.4191,67.4191,0,0,0,0,0,0,0,0,0,21.8191
1.432,0,67.1734,67.1734,67.4191,67.4191,0,0,0,0,0,0,0,0,0,21.8189
1.434,0,67.1734,67.1734,67.4191,67.4191,0,0,0,0,0,0,0,0,0,21.8187
1.436,0,67.1734,67.1734,67.4191,67.4191,0,0,0,0,0,0,0,0,0,21.8184
1.438,0,67.1734,67.1734,67.4191,67.4191,0,0,0,0,0,0,0,0,0,21.8182
1.44,0,66.9567,66.9567,67.2023,67.2023,0,0,0,0,0,0,0,0,0,21.818
1.442,0,66.9567,66.9567,67.2023,67.2023,0,0,0,0,0,0,0,0,0,21.8178
1.444,0,66.9567,66.9567,67.2023,67.2023,0,0,0,0,0,0,0,0,0,21.8175
1.446,0,66.9567,66.9567,67.2023,67.2023,0,0,0,0,0,0,0,0,0,21.8173
1.448,0,66.9567,66.9567,67.2023,67.2023,0,0,0,0,0,0,0,0,0,21.8171
1.45,0,67.0388,67.0388,67.2845,67.2845,0,0,0,0,0,0,0,0,0,21.8169
1.452,0,67.0388,67.0388,67.2845,67.2845,0,0,0,0,0,0,0,0,0,21.8166
1.454,0,67.0388,67.0388,67.2845,67.2845,0,0,0,0,0,0,0,0,0,21.8164
1.456,0,67.0388,67.0388,67.2845,67.2845,0,0,0,0,0,0,0,0,0,21.8162
1.458,0,67.0388,67.0388,67.2845,67.2845,0,0,0,0,0,0,0,0,0,21.816
1.46,0,66.9671,66.9671,67.2127,67.2127,0,0,0,0,0,0,0,0,0,21.8157
1.462,0,66.9671,66.9671,67.2127,67.2127,0,0,0,0,0,0,0,0,0,21.8155
1.464,0,66.9671,66.9671,67.2127,67.2127,0,0,0,0,0,0,0,0,0,21.8153
1.466,0,66.9671,66.9671,67.2127,67.2127,0,0,0,0,0,0,0,0,0,21.8151
1.468,0,66.9671,66.9671,67.2127,67.2127,0,0,0,0,0,0,0,0,0,21.8148
1.47,0,67.0999,67.0999,67.3455,67.3455,0,0,0,0,0,0,0,0,0,21.8146
1.472,0,67.0999,67.0999,67.3455,67.3455,0,0,0,0,0,0,0,0,0,21.8144
1.474,0,67.0999,67.0999,67.3455,67.3455,0,0,0,0,0,0,0,0,0,21.8142
1.476,0,67.0999,67.0999,67.3455,67.3455,0,0,0,0,0,0,0,0,0,21.8139
1.478,0,67.0999,67.0999,67.3455,67.3455,0,0,0,0,0,0,0,0,0,21.8137
1.48,0,67.1515,67.1515,67.3971,67.3971,0,0,0,0,0,0,0,0,0,21.8135
1.482,0,67.1515,67.1515,67.3971,67.3971,0,0,0,0,0,0,0,0,0,21.8133
1.484,0,67.1515,67.1515,67.3971,67.3971,0,0,0,0,0,0,0,0,0,21.813
1.486,0,67.1515,67.1515,67.3971,67.3971,0,0,0,0,0,0,0,0,0,21.8128
1.488,0,67.1515,67.1515,67.3971,67.3971,0,0,0,0,0,0,0,0,0,21.8126
1.49,0,67.0905,67.0905,67.3361,67.3361,0,0,0,0,0,0,0,0,0,21.8124
1.492,0,67.0905,67.0905,67.3361,67.3361,0,0,0,0,0,0,0,0,0,21.8121
1.494,0,67.0905,67.0905,67.3361,67.3361,0,0,0,0,0,0,0,0,0,21.8119
1.496,0,67.0905,67.0905,67.3361,67.3361,0,0,0,0,0,0,0,0,0,21.8117
1.498,0,67.0905,67.0905,67.3361,67.3361,0,0,0,0,0,0,0,0,0,21.8115
1.5,0,67.1496,67.1496,67.3952,67.3952,0,0,0,0,0,0,0,0,0,21.8112
1.502,0,67.1496,67.1496,67.3952,67.3952,0,0,0,0,0,0,0,0,0,21.811
1.504,0,67.1496,67.1496,67.3952,67.3952,0,0,0,0,0,0,0,0,0,21.8108
1.506,0,67.1496,67.1496,67.3952,67.3952,0,0,0,0,0,0,0,0,0,21.8106
1.508,0,67.1496,67.1496,67.3952,67.3952,0,0,0,0,0,0,0,0,0,21.8103
1.51,0,67.1502,67.1502,67.3958,67.3958,0,0,0,0,0,0,0,0,0,21.8101
1.512,0,67.1502,67.1502,67.3958,67.3958,0,0,0,0,0,0,0,0,0,21.8099
1.514,0,67.1502,67.1502,67.3958,67.3958,0,0,0,0,0,0,0,0,0,21.8097
1.516,0,67.1502,67.1502,67.3958,67.3958,0,0,0,0,0,0,0,0,0,21.8094
1.518,0,67.1502,67.1502,67.3958,67.3958,0,0,0,0,0,0,0,0,0,21.8092
1.52,0,67.0641,67.0641,67.3097,67.3097,0,0,0,0,0,0,0,0,0,21.809
1.522,0,67.0641,67.0641,67.3097,67.3097,0,0,0,0,0,0,0,0,0,21.8088
1.524,0,67.0641,67.0641,67.3097,67.3097,0,0,0,0,0,0,0,0,0,21.8085
1.526,0,67.0641,67.0641,67.3097,67.3097,0,0,0,0,0,0,0,0,0,21.8083
1.528,0,67.0641,67.0641,67.3097,67.3097,0,0,0,0,0,0,0,0,0,21.8081
1.53,0,67.0107,67.0107,67.2563,67.2563,0,0,0,0,0,0,0,0,0,21.8079
1.532,0,67.0107,67.0107,67.2563,67.2563,0,0,0,0,0,0,0,0,0,21.8076
1.534,0,67.0107,67.0107,67.2563,67.2563,0,0,0,0,0,0,0,0,0,21.8074
1.536,0,67.0107,67.0107,67.2563,67.2563,0,0,0,0,0,0,0,0,0,21.8072
1.538,0,67.0107,67.0107,67.2563,67.2563,0,0,0,0,0,0,0,0,0,21.807
1.54,0,67.0528,67.0528,67.2984,67.2984,0,0,0,0,0,0,0,0,0,21.8067
1.542,0,67.0528,67.0528,67.2984,67.2984,0,0,0,0,0,0,0,0,0,21.8065
1.544,0,67.0528,67.0528,67.2984,67.2984,0,0,0,0,0,0,0,0,0,21.8063
1.546,0,67.0528,67.0528,67.2984,67.2984,0,0,0,0,0,0,0,0,0,21.8061
1.548,0,67.0528,67.0528,67.2984,67.2984,0,0,0,0,0,0,0,0,0,21.8058
1.55,0,67.2153,67.2153,67.4608,67.4608,0,0,0,0,0,0,0,0,0,21.8056
1.552,0,67.2153,67.2153,67.4608,67.4608,0,0,0,0,0,0,0,0,0,21.8054
1.554,0,67.2153,67.2153,67.4608,67.4608,0,0,0,0,0,0,0,0,0,21.8052
1.556,0,67.2153,67.2153,67.4608,67.4608,0,0,0,0,0,0,0,0,0,21.8049
1.558,0,67.2153,67.2153,67.4608,67.4608,0,0,0,0,0,0,0,0,0,21.8047
1.56,0,67.0581,67.0581,67.3037,67.3037,0,0,0,0,0,0,0,0,0,21.8045
1.562,0,67.0581,67.0581,67.3037,67.3037,0,0,0,0,0,0,0,0,0,21.8043
1.564,0,67.0581,67.0581,67.3037,67.3037,0,0,0,0,0,0,0,0,0,21.804
1.566,0,67.0581,67.0581,67.3037,67.3037,0,0,0,0,0,0,0,0,0,21.8038
1.568,0,67.0581,67.0581,67.3037,67.3037,0,0,0,0,0,0,0,0,0,21.8036
1.57,0,67.0877,67.0877,67.3332,67.3332,0,0,0,0,0,0,0,0,0,21.8034
1.572,0,67.0877,67.0877,67.3332,67.3332,0,0,0,0,0,0,0,0,0,21.8031
1.574,0,67.0877,67.0877,67.3332,67.3332,0,0,0,0,0,0,0,0,0,21.8029
1.576,0,67.0877,67.0877,67.3332,67.3332,0,0,0,0,0,0,0,0,0,21.8027
1.578,0,67.0877,67.0877,67.3332,67.3332,0,0,0,0,0,0,0,0,0,21.8025
1.58,0,67.0548,67.0548,67.3003,67.3003,0,0,0,0,0,0,0,0,0,21.8022
1.582,0,67.0548,67.0548,67.3003,67.3003,0,0,0,0,0,0,0,0,0,21.802
1.584,0,67.0548,67.0548,67.3003,67.3003,0,0,0,0,0,0,0,0,0,21.8018
1.586,0,67.0548,67.0548,67.3003,67.3003,0,0,0,0,0,0,0,0,0,21.8016
1.588,0,67.0548,67.0548,67.3003,67.3003,0,0,0,0,0,0,0,0,0,21.8013
1.59,0,67.058,67.058,67.3035,67.3035,0,0,0,0,0,0,0,0,0,21.8011
1.592,0,67.058,67.058,67.3035,67.3035,0,0,0,0,0,0,0,0,0,21.8009
1.594,0,67.058,67.058,67.3035,67.3035,0,0,0,0,0,0,0,0,0,21.8006
1.596,0,67.058,67.058,67.3035,67.3035,0,0,0,0,0,0,0,0,0,21.8004
1.598,0,67.058,67.058,67.3035,67.3035,0,0,0,0,0,0,0,0,0,21.8002
1.6,0,66.9923,66.9923,67.2378,67.2378,0,0,0,0,0,0,0,0,0,21.8
1.602,0,66.9923,66.9923,67.2378,67.2378,0,0,0,0,0,0,0,0,0,21.7997
1.604,0,66.9923,66.9923,67.2378,67.2378,0,0,0,0,0,0,0,0,0,21.7995
1.606,0,66.9923,66.9923,67.2378,67.2378,0,0,0,0,0,0,0,0,0,21.7993
1.608,0,66.9923,66.9923,67.2378,67.2378,0,0,0,0,0,0,0,0,0,21.7991
1.61,0,67.1821,67.1821,67.4276,67.4276,0,0,0,0,0,0,0,0,0,21.7988
1.612,0,67.1821,67.1821,67.4276,67.4276,0,0,0,0,0,0,0,0,0,21.7986
1.614,0,67.1821,67.1821,67.4276,67.4276,0,0,0,0,0,0,0,0,0,21.7984
1.616,0,67.1821,67.1821,67.4276,67.4276,0,0,0,0,0,0,0,0,0,21.7982
1.618,0,67.1821,67.1821,67.4276,67.4276,0,0,0,0,0,0,0,0,0,21.7979
1.62,0,67.0221,67.0221,67.2676,67.2676,0,0,0,0,0,0,0,0,0,21.7977
1.622,0,67.0221,67.0221,67.2676,67.2676,0,0,0,0,0,0,0,0,0,21.7975
1.624,0,67.0221,67.0221,67.2676,67.2676,0,0,0,0,0,0,0,0,0,21.7973
1.626,0,67.0221,67.0221,67.2676,67.2676,0,0,0,0,0,0,0,0,0,21.797
1.628,0,67.0221,67.0221,67.2676,67.2676,0,0,0,0,0,0,0,0,0,21.7968
1.63,0,66.9616,66.9616,67.207,67.207,0,0,0,0,0,0,0,0,0,21.7966
1.632,0,66.9616,66.9616,67.207,67.207,0,0,0,0,0,0,0,0,0,21.7964
1.634,0,66.9616,66.9616,67.207,67.207,0,0,0,0,0,0,0,0,0,21.7961
1.636,0,66.9616,66.9616,67.207,67.207,0,0,0,0,0,0,0,0,0,21.7959
1.638,0,66.9616,66.9616,67.207,67.207,0,0,0,0,0,0,0,0,0,21.7957
1.64,0,66.8724,66.8724,67.1178,67.1178,0,0,0,0,0,0,0,0,0,21.7955
1.642,0,66.8724,66.8724,67.1178,67.1178,0,0,0,0,0,0,0,0,0,21.7952
1.644,0,66.8724,66.8724,67.1178,67.1178,0,0,0,0,0,0,0,0,0,21.795
1.646,0,66.8724,66.8724,67.1178,67.1178,0,0,0,0,0,0,0,0,0,21.7948
1.648,0,66.8724,66.8724,67.1178,67.1178,0,0,0,0,0,0,0,0,0,21.7946
1.65,0,67.0266,67.0266,67.272,67.272,0,0,0,0,0,0,0,0,0,21.7943
1.652,0,67.0266,67.0266,67.272,67.272,0,0,0,0,0,0,0,0,0,21.7941
1.654,0,67.0266,67.0266,67.272,67.272,0,0,0,0,0,0,0,0,0,21.7939
1.656,0,67.0266,67.0266,67.272,67.272,0,0,0,0,0,0,0,0,0,21.7937
1.658,0,67.0266,67.0266,67.272,67.272,0,0,0,0,0,0,0,0,0,21.7934
1.66,0,67.0904,67.0904,67.3358,67.3358,0,0,0,0,0,0,0,0,0,21.7932
1.662,0,67.0904,67.0904,67.3358,67.3358,0,0,0,0,0,0,0,0,0,21.793
1.664,0,67.0904,67.0904,67.3358,67.3358,0,0,0,0,0,0,0,0,0,21.7928
1.666,0,67.0904,67.0904,67.3358,67.3358,0,0,0,0,0,0,0,0,0,21.7925
1.668,0,67.0904,67.0904,67.3358,67.3358,0,0,0,0,0,0,0,0,0,21.7923
1.67,0,66.9628,66.9628,67.2082,67.2082,0,0,0,0,0,0,0,0,0,21.7921
1.672,0,66.9628,66.9628,67.2082,67.2082,0,0,0,0,0,0,0,0,0,21.7919
1.674,0,66.9628,66.9628,67.2082,67.2082,0,0,0,0,0,0,0,0,0,21.7916
1.676,0,66.9628,66.9628,67.2082,67.2082,0,0,0,0,0,0,0,0,0,21.7914
1.678,0,66.9628,66.9628,67.2082,67.2082,0,0,0,0,0,0,0,0,0,21.7912
1.68,0,67.1586,67.1586,67.4039,67.4039,0,0,0,0,0,0,0,0,0,21.791
1.682,0,67.1586,67.1586,67.4039,67.4039,0,0,0,0,0,0,0,0,0,21.7907
1.684,0,67.1586,67.1586,67.4039,67.4039,0,0,0,0,0,0,0,0,0,21.7905
1.686,0,67.1586,67.1586,67.4039,67.4039,0,0,0,0,0,0,0,0,0,21.7903
1.688,0,67.1586,67.1586,67.4039,67.4039,0,0,0,0,0,0,0,0,0,21.7901
1.69,0,66.8225,66.8225,67.0678,67.0678,0,0,0,0,0,0,0,0,0,21.7898
1.692,0,66.8225,66.8225,67.0678,67.0678,0,0,0,0,0,0,0,0,0,21.7896
1.694,0,66.8225,66.8225,67.0678,67.0678,0,0,0,0,0,0,0,0,0,21.7894
1.696,0,66.8225,66.8225,67.0678,67.0678,0,0,0,0,0,0,0,0,0,21.7892
1.698,0,66.8225,66.8225,67.0678,67.0678,0,0,0,0,0,0,0,0,0,21.7889
1.7,0,66.8629,66.8629,67.1082,67.1082,0,0,0,0,0,0,0,0,0,21.7887
1.702,0,66.8629,66.8629,67.1082,67.1082,0,0,0,0,0,0,0,0,0,21.7885
1.704,0,66.8629,66.8629,67.1082,67.1082,0,0,0,0,0,0,0,0,0,21.7883
1.706,0,66.8629,66.8629,67.1082,67.1082,0,0,0,0,0,0,0,0,0,21.788
1.708,0,66.8629,66.8629,67.1082,67.1082,0,0,0,0,0,0,0,0,0,21.7878
1.71,0,67.0436,67.0436,67.289,67.289,0,0,0,0,0,0,0,0,0,21.7876
1.712,0,67.0436,67.0436,67.289,67.289,0,0,0,0,0,0,0,0,0,21.7874
1.714,0,67.0436,67.0436,67.289,67.289,0,0,0,0,0,0,0,0,0,21.7871
1.716,0,67.0436,67.0436,67.289,67.289,0,0,0,0,0,0,0,0,0,21.7869
1.718,0,67.0436,67.0436,67.289,67.289,0,0,0,0,0,0,0,0,0,21.7867
1.72,0,67.1678,67.1678,67.4131,67.4131,0,0,0,0,0,0,0,0,0,21.7865
1.722,0,67.1678,67.1678,67.4131,67.4131,0,0,0,0,0,0,0,0,0,21.7862
1.724,0,67.1678,67.1678,67.4131,67.4131,0,0,0,0,0,0,0,0,0,21.786
1.726,0,67.1678,67.1678,67.4131,67.4131,0,0,0,0,0,0,0,0,0,21.7858
1.728,0,67.1678,67.1678,67.4131,67.4131,0,0,0,0,0,0,0,0,0,21.7856
1.73,0,67.0789,67.0789,67.3242,67.3242,0,0,0,0,0,0,0,0,0,21.7853
1.732,0,67.0789,67.0789,67.3242,67.3242,0,0,0,0,0,0,0,0,0,21.7851
1.734,0,67.0789,67.0789,67.3242,67.3242,0,0,0,0,0,0,0,0,0,21.7849
1.736,0,67.0789,67.0789,67.3242,67.3242,0,0,0,0,0,0,0,0,0,21.7847
1.738,0,67.0789,67.0789,67.3242,67.3242,0,0,0,0,0,0,0,0,0,21.7844
1.74,0,67.0149,67.0149,67.2602,67.2602,0,0,0,0,0,0,0,0,0,21.7842
1.742,0,67.0149,67.0149,67.2602,67.2602,0,0,0,0,0,0,0,0,0,21.784
1.744,0,67.0149,67.0149,67.2602,67.2602,0,0,0,0,0,0,0,0,0,21.7838
1.746,0,67.0149,67.0149,67.2602,67.2602,0,0,0,0,0,0,0,0,0,21.7835
1.748,0,67.0149,67.0149,67.2602,67.2602,0,0,0,0,0,0,0,0,0,21.7833
1.75,0,67.1705,67.1705,67.4157,67.4157,0,0,0,0,0,0,0,0,0,21.7831
1.752,0,67.1705,67.1705,67.4157,67.4157,0,0,0,0,0,0,0,0,0,21.7829
1.754,0,67.1705,67.1705,67.4157,67.4157,0,0,0,0,0,0,0,0,0,21.7826
1.756,0,67.1705,67.1705,67.4157,67.4157,0,0,0,0,0,0,0,0,0,21.7824
1.758,0,67.1705,67.1705,67.4157,67.4157,0,0,0,0,0,0,0,0,0,21.7822
1.76,0,67.122,67.122,67.3673,67.3673,0,0,0,0,0,0,0,0,0,21.782
1.762,0,67.122,67.122,67.3673,67.3673,0,0,0,0,0,0,0,0,0,21.7817
1.764,0,67.122,67.122,67.3673,67.3673,0,0,0,0,0,0,0,0,0,21.7815
1.766,0,67.122,67.122,67.3673,67.3673,0,0,0,0,0,0,0,0,0,21.7813
1.768,0,67.122,67.122,67.3673,67.3673,0,0,0,0,0,0,0,0,0,21.7811
1.77,0,67.0125,67.0125,67.2578,67.2578,0,0,0,0,0,0,0,0,0,21.7808
1.772,0,67.0125,67.0125,67.2578,67.2578,0,0,0,0,0,0,0,0,0,21.7806
1.774,0,67.0125,67.0125,67.2578,67.2578,0,0,0,0,0,0,0,0,0,21.7804
1.776,0,67.0125,67.0125,67.2578,67.2578,0,0,0,0,0,0,0,0,0,21.7802
1.778,0,67.0125,67.0125,67.2578,67.2578,0,0,0,0,0,0,0,0,0,21.7799
1.78,0,67.0792,67.0792,67.3244,67.3244,0,0,0,0,0,0,0,0,0,21.7797
1.782,0,67.0792,67.0792,67.3244,67.3244,0,0,0,0,0,0,0,0,0,21.7795
1.784,0,67.0792,67.0792,67.3244,67.3244,0,0,0,0,0,0,0,0,0,21.7792
1.786,0,67.0792,67.0792,67.3244,67.3244,0,0,0,0,0,0,0,0,0,21.779
1.788,0,67.0792,67.0792,67.3244,67.3244,0,0,0,0,0,0,0,0,0,21.7788
1.79,0,66.8651,66.8651,67.1104,67.1104,0,0,0,0,0,0,0,0,0,21.7786
1.792,0,66.8651,66.8651,67.1104,67.1104,0,0,0,0,0,0,0,0,0,21.7783
1.794,0,66.8651,66.8651,67.1104,67.1104,0,0,0,0,0,0,0,0,0,21.7781
1.796,0,66.8651,66.8651,67.1104,67.1104,0,0,0,0,0,0,0,0,0,21.7779
1.798,0,66.8651,66.8651,67.1104,67.1104,0,0,0,0,0,0,0,0,0,21.7777
1.8,0,67.1158,67.1158,67.361,67.361,0,0,0,0,0,0,0,0,0,21.7774
1.802,0,67.1158,67.1158,67.361,67.361,0,0,0,0,0,0,0,0,0,21.7772
1.804,0,67.1158,67.1158,67.361,67.361,0,0,0,0,0,0,0,0,0,21.777
1.806,0,67.1158,67.1158,67.361,67.361,0,0,0,0,0,0,0,0,0,21.7768
1.808,0,67.1158,67.1158,67.361,67.361,0,0,0,0,0,0,0,0,0,21.7765
1.81,0,66.8981,66.8981,67.1434,67.1434,0,0,0,0,0,0,0,0,0,21.7763
1.812,0,66.8981,66.8981,67.1434,67.1434,0,0,0,0,0,0,0,0,0,21.7761
1.814,0,66.8981,66.8981,67.1434,67.1434,0,0,0,0,0,0,0,0,0,21.7759
1.816,0,66.8981,66.8981,67.1434,67.1434,0,0,0,0,0,0,0,0,0,21.7756
1.818,0,66.8981,66.8981,67.1434,67.1434,0,0,0,0,0,0,0,0,0,21.7754
1.82,0,67.0587,67.0587,67.3039,67.3039,0,0,0,0,0,0,0,0,0,21.7752
1.822,0,67.0587,67.0587,67.3039,67.3039,0,0,0,0,0,0,0,0,0,21.775
1.824,0,67.0587,67.0587,67.3039,67.3039,0,0,0,0,0,0,0,0,0,21.7747
1.826,0,67.0587,67.0587,67.3039,67.3039,0,0,0,0,0,0,0,0,0,21.7745
1.828,0,67.0587,67.0587,67.3039,67.3039,0,0,0,0,0,0,0,0,0,21.7743
1.83,0,66.949,66.949,67.1942,67.1942,0,0,0,0,0,0,0,0,0,21.7741
1.832,0,66.949,66.949,67.1942,67.1942,0,0,0,0,0,0,0,0,0,21.7738
1.834,0,66.949,66.949,67.1942,67.1942,0,0,0,0,0,0,0,0,0,21.7736
1.836,0,66.949,66.949,67.1942,67.1942,0,0,0,0,0,0,0,0,0,21.7734
1.838,0,66.949,66.949,67.1942,67.1942,0,0,0,0,0,0,0,0,0,21.7732
1.84,0,66.9614,66.9614,67.2065,67.2065,0,0,0,0,0,0,0,0,0,21.7729
1.842,0,66.9614,66.9614,67.2065,67.2065,0,0,0,0,0,0,0,0,0,21.7727
1.844,0,66.9614,66.9614,67.2065,67.2065,0,0,0,0,0,0,0,0,0,21.7725
1.846,0,66.9614,66.9614,67.2065,67.2065,0,0,0,0,0,0,0,0,0,21.7723
1.848,0,66.9614,66.9614,67.2065,67.2065,0,0,0,0,0,0,0,0,0,21.772
1.85,0,67.0215,67.0215,67.2666,67.2666,0,0,0,0,0,0,0,0,0,21.7718
1.852,0,67.0215,67.0215,67.2666,67.2666,0,0,0,0,0,0,0,0,0,21.7716
1.854,0,67.0215,67.0215,67.2666,67.2666,0,0,0,0,0,0,0,0,0,21.7714
1.856,0,67.0215,67.0215,67.2666,67.2666,0,0,0,0,0,0,0,0,0,21.7711
1.858,0,67.0215,67.0215,67.2666,67.2666,0,0,0,0,0,0,0,0,0,21.7709
1.86,0,66.9053,66.9053,67.1504,67.1504,0,0,0,0,0,0,0,0,0,21.7707
1.862,0,66.9053,66.9053,67.1504,67.1504,0,0,0,0,0,0,0,0,0,21.7705
1.864,0,66.9053,66.9053,67.1504,67.1504,0,0,0,0,0,0,0,0,0,21.7702
1.866,0,66.9053,66.9053,67.1504,67.1504,0,0,0,0,0,0,0,0,0,21.77
1.868,0,66.9053,66.9053,67.1504,67.1504,0,0,0,0,0,0,0,0,0,21.7698
1.87,0,67.1304,67.1304,67.3756,67.3756,0,0,0,0,0,0,0,0,0,21.7696
1.872,0,67.1304,67.1304,67.3756,67.3756,0,0,0,0,0,0,0,0,0,21.7693
1.874,0,67.1304,67.1304,67.3756,67.3756,0,0,0,0,0,0,0,0,0,21.7691
1.876,0,67.1304,67.1304,67.3756,67.3756,0,0,0,0,0,0,0,0,0,21.7689
1.878,0,67.1304,67.1304,67.3756,67.3756,0,0,0,0,0,0,0,0,0,21.7687
1.88,0,67.1023,67.1023,67.3474,67.3474,0,0,0,0,0,0,0,0,0,21.7684
1.882,0,67.1023,67.1023,67.3474,67.3474,0,0,0,0,0,0,0,0,0,21.7682
1.884,0,67.1023,67.1023,67.3474,67.3474,0,0,0,0,0,0,0,0,0,21.768
1.886,0,67.1023,67.1023,67.3474,67.3474,0,0,0,0,0,0,0,0,0,21.7678
1.888,0,67.1023,67.1023,67.3474,67.3474,0,0,0,0,0,0,0,0,0,21.7675
1.89,0,66.9127,66.9127,67.1578,67.1578,0,0,0,0,0,0,0,0,0,21.7673
1.892,0,66.9127,66.9127,67.1578,67.1578,0,0,0,0,0,0,0,0,0,21.7671
1.894,0,66.9127,66.9127,67.1578,67.1578,0,0,0,0,0,0,0,0,0,21.7669
1.896,0,66.9127,66.9127,67.1578,67.1578,0,0,0,0,0,0,0,0,0,21.7666
1.898,0,66.9127,66.9127,67.1578,67.1578,0,0,0,0,0,0,0,0,0,21.7664
1.9,0,66.7762,66.7762,67.0213,67.0213,0,0,0,0,0,0,0,0,0,21.7662
1.902,0,66.7762,66.7762,67.0213,67.0213,0,0,0,0,0,0,0,0,0,21.766
1.904,0,66.7762,66.7762,67.0213,67.0213,0,0,0,0,0,0,0,0,0,21.7657
1.906,0,66.7762,66.7762,67.0213,67.0213,0,0,0,0,0,0,0,0,0,21.7655
1.908,0,66.7762,66.7762,67.0213,67.0213,0,0,0,0,0,0,0,0,0,21.7653
1.91,0,66.9815,66.9815,67.2266,67.2266,0,0,0,0,0,0,0,0,0,21.7651
1.912,0,66.9815,66.9815,67.2266,67.2266,0,0,0,0,0,0,0,0,0,21.7648
1.914,0,66.9815,66.9815,67.2266,67.2266,0,0,0,0,0,0,0,0,0,21.7646
1.916,0,66.9815,66.9815,67.2266,67.2266,0,0,0,0,0,0,0,0,0,21.7644
1.918,0,66.9815,66.9815,67.2266,67.2266,0,0,0,0,0,0,0,0,0,21.7642
1.92,0,66.9996,66.9996,67.2447,67.2447,0,0,0,0,0,0,0,0,0,21.7639
1.922,0,66.9996,66.9996,67.2447,67.2447,0,0,0,0,0,0,0,0,0,21.7637
1.924,0,66.9996,66.9996,67.2447,67.2447,0,0,0,0,0,0,0,0,0,21.7635
1.926,0,66.9996,66.9996,67.2447,67.2447,0,0,0,0,0,0,0,0,0,21.7633
1.928,0,66.9996,66.9996,67.2447,67.2447,0,0,0,0,0,0,0,0,0,21.763
1.93,0,67.0252,67.0252,67.2703,67.2703,0,0,0,0,0,0,0,0,0,21.7628
1.932,0,67.0252,67.0252,67.2703,67.2703,0,0,0,0,0,0,0,0,0,21.7626
1.934,0,67.0252,67.0252,67.2703,67.2703,0,0,0,0,0,0,0,0,0,21.7624
1.936,0,67.0252,67.0252,67.2703,67.2703,0,0,0,0,0,0,0,0,0,21.7621
1.938,0,67.0252,67.0252,67.2703,67.2703,0,0,0,0,0,0,0,0,0,21.7619
1.94,0,66.973,66.973,67.218,67.218,0,0,0,0,0,0,0,0,0,21.7617
1.942,0,66.973,66.973,67.218,67.218,0,0,0,0,0,0,0,0,0,21.7615
1.944,0,66.973,66.973,67.218,67.218,0,0,0,0,0,0,0,0,0,21.7612
1.946,0,66.973,66.973,67.218,67.218,0,0,0,0,0,0,0,0,0,21.761
1.948,0,66.973,66.973,67.218,67.218,0,0,0,0,0,0,0,0,0,21.7608
1.95,0,66.9769,66.9769,67.222,67.222,0,0,0,0,0,0,0,0,0,21.7606
1.952,0,66.9769,66.9769,67.222,67.222,0,0,0,0,0,0,0,0,0,21.7603
1.954,0,66.9769,66.9769,67.222,67.222,0,0,0,0,0,0,0,0,0,21.7601
1.956,0,66.9769,66.9769,67.222,67.222,0,0,0,0,0,0,0,0,0,21.7599
1.958,0,66.9769,66.9769,67.222,67.222,0,0,0,0,0,0,0,0,0,21.7597
1.96,0,66.9279,66.9279,67.173,67.173,0,0,0,0,0,0,0,0,0,21.7594
1.962,0,66.9279,66.9279,67.173,67.173,0,0,0,0,0,0,0,0,0,21.7592
1.964,0,66.9279,66.9279,67.173,67.173,0,0,0,0,0,0,0,0,0,21.759
1.966,0,66.9279,66.9279,67.173,67.173,0,0,0,0,0,0,0,0,0,21.7588
1.968,0,66.9279,66.9279,67.173,67.173,0,0,0,0,0,0,0,0,0,21.7585
1.97,0,66.9004,66.9004,67.1454,67.1454,0,0,0,0,0,0,0,0,0,21.7583
1.972,0,66.9004,66.9004,67.1454,67.1454,0,0,0,0,0,0,0,0,0,21.7581
1.974,0,66.9004,66.9004,67.1454,67.1454,0,0,0,0,0,0,0,0,0,21.7579
1.976,0,66.9004,66.9004,67.1454,67.1454,0,0,0,0,0,0,0,0,0,21.7576
1.978,0,66.9004,66.9004,67.1454,67.1454,0,0,0,0,0,0,0,0,0,21.7574
1.98,0,66.7831,66.7831,67.0281,67.0281,0,0,0,0,0,0,0,0,0,21.7572
1.982,0,66.7831,66.7831,67.0281,67.0281,0,0,0,0,0,0,0,0,0,21.757
1.984,0,66.7831,66.7831,67.0281,67.0281,0,0,0,0,0,0,0,0,0,21.7567
1.986,0,66.7831,66.7831,67.0281,67.0281,0,0,0,0,0,0,0,0,0,21.7565
1.988,0,66.7831,66.7831,67.0281,67.0281,0,0,0,0,0,0,0,0,0,21.7563
1.99,0,66.8977,66.8977,67.1427,67.1427,0,0,0,0,0,0,0,0,0,21.756
1.992,0,66.8977,66.8977,67.1427,67.1427,0,0,0,0,0,0,0,0,0,21.7558
1.994,0,66.8977,66.8977,67.1427,67.1427,0,0,0,0,0,0,0,0,0,21.7556
1.996,0,66.8977,66.8977,67.1427,67.1427,0,0,0,0,0,0,0,0,0,21.7554
1.998,0,66.8977,66.8977,67.1427,67.1427,0,0,0,0,0,0,0,0,0,21.7551
2,0,66.9443,66.9443,67.1893,67.1893,0,0,0,0,0,0,0,0,0,21.7549
2.002,0,66.9443,66.9443,67.1893,67.1893,0,0,0,0,0,0,0,0,0,21.7547
2.004,0,66.9443,66.9443,67.1893,67.1893,0,0,0,0,0,0,0,0,0,21.7545
2.006,0,66.9443,66.9443,67.1893,67.1893,0,0,0,0,0,0,0,0,0,21.7542
2.008,0,66.9443,66.9443,67.1893,67.1893,0,0,0,0,0,0,0,0,0,21.754
2.01,0,66.9297,66.9297,67.1747,67.1747,0,0,0,0,0,0,0,0,0,21.7538
2.012,0,66.9297,66.9297,67.1747,67.1747,0,0,0,0,0,0,0,0,0,21.7536
2.014,0,66.9297,66.9297,67.1747,67.1747,0,0,0,0,0,0,0,0,0,21.7533
2.016,0,66.9297,66.9297,67.1747,67.1747,0,0,0,0,0,0,0,0,0,21.7531
2.018,0,66.9297,66.9297,67.1747,67.1747,0,0,0,0,0,0,0,0,0,21.7529
2.02,0,66.9359,66.9359,67.1809,67.1809,0,0,0,0,0,0,0,0,0,21.7527
2.022,0,66.9359,66.9359,67.1809,67.1809,0,0,0,0,0,0,0,0,0,21.7524
2.024,0,66.9359,66.9359,67.1809,67.1809,0,0,0,0,0,0,0,0,0,21.7522
2.026,0,66.9359,66.9359,67.1809,67.1809,0,0,0,0,0,0,0,0,0,21.752
2.028,0,66.9359,66.9359,67.1809,67.1809,0,0,0,0,0,0,0,0,0,21.7518
2.03,0,66.9198,66.9198,67.1647,67.1647,0,0,0,0,0,0,0,0,0,21.7515
2.032,0,66.9198,66.9198,67.1647,67.1647,0,0,0,0,0,0,0,0,0,21.7513
2.034,0,66.9198,66.9198,67.1647,67.1647,0,0,0,0,0,0,0.0153,0.0153,0,21.7511
2.036,0,66.9198,66.9198,67.1647,67.1647,0,0,0,0,0.0265,0.0265,0.0416,0.0416,0,21.7509
2.038,0,66.9198,66.9198,67.1647,67.1647,0,0,0,0,0.055,0.055,0.0865,0.0865,0,21.7506
2.04,0,66.7652,66.7652,67.0101,67.0101,0,0,0,0,0.0979,0.0979,0.154,0.154,0,21.7504
2.042,0,66.7652,66.7652,67.0101,67.0101,0,0,0,0,0.1573,0.1573,0.2474,0.2474,0,21.7501
2.044,0,66.7652,66.7652,67.0101,67.0101,0,0,0,0,0.2349,0.2349,0.3696,0.3696,0,21.7499
2.046,0,66.7652,66.7652,67.0101,67.0101,0,0,0,0,0.3324,0.3324,0.523,0.523,0,21.7496
2.048,0,66.7652,66.7652,67.0101,67.0101,0,0,0,0,0.451,0.451,0.7094,0.7094,0,21.7492
2.05,0,66.8336,66.8336,67.0809,67.0809,0,0,0,0,0.5915,0.5915,0.9304,0.9304,0,21.7488
2.052,0,66.8336,66.8336,67.0809,67.0809,0,0,0,0,0.7547,0.7547,1.1872,1.1872,0,21.7484
2.054,0,66.8336,66.8336,67.0809,67.0809,0,0,0,0,0.941,0.941,1.4804,1.4804,0,21.7478
2.056,0,66.8336,66.8336,67.0809,67.0809,0,0,0,0,1.1509,1.1509,1.8105,1.8105,0,21.7472
2.058,0,66.8336,66.8336,67.0809,67.0809,0,0,0,0,1.3843,1.3843,2.1777,2.1777,0,21.7465
2.06,0,66.6711,66.6711,66.9323,66.9323,0,0,0,0,1.6412,1.6412,2.5818,2.5818,0,21.7456
2.062,0,66.6711,66.6711,66.9323,66.9323,0,0,0,0,1.9214,1.9214,3.0226,3.0226,0,21.7446
2.064,0,66.6711,66.6711,66.9323,66.9323,0,0,0,0,2.2246,2.2246,3.4996,3.4996,0,21.7435
2.066,0,66.6711,66.6711,66.9323,66.9323,0,0,0,0,2.5503,2.5503,4.0119,4.0119,0,21.7422
2.068,0,66.6711,66.6711,66.9323,66.9323,0,0,0,0,2.8978,2.8978,4.5586,4.5586,0,21.7408
2.07,0,66.633,66.633,66.9223,66.9223,0,0,0,0,3.2667,3.2667,5.1389,5.1389,0,21.7392
2.072,0,66.633,66.633,66.9223,66.9223,0,0,0,0,3.6562,3.6562,5.7516,5.7516,0,21.7374
2.074,0,66.633,66.633,66.9223,66.9223,0,0,0,0,4.0654,4.0654,6.3953,6.3953,0,21.7355
2.076,0,66.633,66.633,66.9223,66.9223,0,0,0,0,4.4936,4.4936,7.0689,7.0689,0,21.7333
2.078,0,66.633,66.633,66.9223,66.9223,0,0,0,0,4.9399,4.9399,7.771,7.771,0,21.7309
2.08,0,66.1003,66.1003,66.4169,66.4169,0,0,0,0,5.4034,5.4034,8.5002,8.5002,0,21.7284
2.082,0,66.1003,66.1003,66.4169,66.4169,0,0,0,0,5.8832,5.8832,9.255,9.255,0,21.7256
2.084,0,66.1003,66.1003,66.4169,66.4169,0,0,0,0,6.3785,6.3785,10.034,10.034,0,21.7225
2.086,0,66.1003,66.1003,66.4169,66.4169,0,0,0,0,6.8881,6.8881,10.8358,10.8358,0,21.7193
2.088,0,66.1003,66.1003,66.4169,66.4169,0,0,0,0,7.4113,7.4113,11.6589,11.6589,0,21.7158
2.09,0,65.9253,65.9253,66.2571,66.2571,0,0,0,0,7.9472,7.9472,12.5018,12.5018,0,21.712
2.092,0,65.9253,65.9253,66.2571,66.2571,0,0,0,0,8.4947,8.4947,13.3632,13.3632,0,21.708
2.094,0,65.9253,65.9253,66.2571,66.2571,0,0,0,0,9.0531,9.0531,14.2416,14.2416,0,21.7037
2.096,0,65.9253,65.9253,66.2571,66.2571,0,0,0,0,9.6215,9.6215,15.1358,15.1358,0,21.6992
2.098,0,65.9253,65.9253,66.2571,66.2571,0,0,0,0,10.1991,10.1991,16.0444,16.0444,0,21.6944
2.1,0,65.6315,65.6315,65.9628,65.9628,0,0,0,0,10.7851,10.7851,16.9661,16.9661,0,21.6893
2.102,0,65.6315,65.6315,65.9628,65.9628,0,0,0,0,11.3786,11.3786,17.8998,17.8998,0,21.684
2.104,0,65.6315,65.6315,65.9628,65.9628,0,0,0,0,11.979,11.979,18.8444,18.8444,0,21.6784
2.106,0,65.6315,65.6315,65.9628,65.9628,0,0,0,0,12.5856,12.5856,19.7986,19.7986,0,21.6725
2.108,0,65.6315,65.6315,65.9628,65.9628,0,0,0,0,13.1977,13.1977,20.7615,20.7615,0,21.6663
2.11,0,65.3929,65.3929,65.6987,65.6987,0,0,0,0,13.8146,13.8146,21.732,21.732,0,21.6598
2.112,0,65.3929,65.3929,65.6987,65.6987,0,0,0,0,14.4359,14.4359,22.7093,22.7093,0,21.653
2.114,0,65.3929,65.3929,65.6987,65.6987,0,0,0,0,15.0609,15.0609,23.6925,23.6925,0,21.646
2.116,0,65.3929,65.3929,65.6987,65.6987,0,0,0,0,15.6891,15.6891,24.6808,24.6808,0,21.6386
2.118,0,65.3929,65.3929,65.6987,65.6987,0,0,0,0,16.3201,16.3201,25.6734,25.6734,0,21.631
2.12,0,64.9959,64.9959,65.2437,65.2437,0,0,0,0,16.9534,16.9534,26.6697,26.6697,0,21.6231
2.122,0,64.9959,64.9959,65.2437,65.2437,0,0,0,0,17.5886,17.5886,27.6689,27.6689,0,21.6149
2.124,0,64.9959,64.9959,65.2437,65.2437,0,0,0,0,18.2253,18.2253,28.6706,28.6706,0,21.6064
2.126,0,64.9959,64.9959,65.2437,65.2437,0,0,0,0,18.8633,18.8633,29.6741,29.6741,0,21.5976
2.128,0,64.9959,64.9959,65.2437,65.2437,0,0,0,0,19.5021,19.5021,30.6791,30.6791,0,21.5885
2.13,0,64.8254,64.8254,64.979,64.979,0,0,0,0,20.1416,20.1416,31.6851,31.6851,0,21.5791
2.132,0,64.8254,64.8254,64.979,64.979,0,0,0,0,20.7815,20.7815,32.6917,32.6917,0,21.5694
2.134,0,64.8254,64.8254,64.979,64.979,0,0,0,0,21.4215,21.4215,33.6985,33.6985,0,21.5595
2.136,0,64.8254,64.8254,64.979,64.979,0,0,0,0,22.0615,22.0615,34.7053,34.7053,0,21.5492
2.138,0,64.8254,64.8254,64.979,64.979,0,0,0,0,22.7013,22.7013,35.7118,35.7118,0,21.5387
2.14,0,64.48,64.48,64.496,64.496,0,0,0,0,23.3408,23.3408,36.7178,36.7178,0,21.5278
2.142,0,64.48,64.48,64.496,64.496,0,0,0,0,23.9799,23.9799,37.7231,37.7231,0,21.5167
2.144,0,64.48,64.48,64.496,64.496,0,0,0,0,24.6184,24.6184,38.7276,38.7276,0,21.5053
2.146,0,64.48,64.48,64.496,64.496,0,0,0,0,25.2563,25.2563,39.7311,39.7311,0,21.4936
2.148,0,64.48,64.48,64.496,64.496,0,0,0,0,25.8936,25.8936,40.7336,40.7336,0,21.4816
2.15,0,64.0207,64.0207,63.8451,63.8451,0,0,0,0,26.5301,26.5301,41.7349,41.7349,0,21.4693
2.152,0,64.0207,64.0207,63.8451,63.8451,0,0,0,0,27.1659,27.1659,42.7351,42.7351,0,21.4567
2.154,0,64.0207,64.0207,63.8451,63.8451,0,0,0,0,27.801,27.801,43.7341,43.7341,0,21.4439
2.156,0,64.0207,64.0207,63.8451,63.8451,0,0,0,0,28.4352,28.4352,44.7319,44.7319,0,21.4307
2.158,0,64.0207,64.0207,63.8451,63.8451,0,0,0,0,29.0688,29.0688,45.7285,45.7285,0,21.4173
2.16,0,63.6422,63.6422,63.2056,63.2056,0,0,0,0,29.7015,29.7015,46.724,46.724,0,21.4036
2.162,0,63.6422,63.6422,63.2056,63.2056,0,0,0,0,30.3329,30.3329,47.7138,47.7138,0,21.3896
2.164,0,63.6422,63.6422,63.2056,63.2056,0,0,0,0,30.9608,30.9608,48.6897,48.6897,0,21.3754
2.166,0,63.6422,63.6422,63.2056,63.2056,0,0,0,0,31.5829,31.5829,49.6439,49.6439,0,21.3608
2.168,0,63.6422,63.6422,63.2056,63.2056,0,0,0,0,32.1971,32.1971,50.5698,50.5698,0,21.346
2.17,0,63.0624,63.0624,62.2844,62.2844,0,0,0,0,32.8016,32.8016,51.4617,51.4617,0,21.331
2.172,0,63.0624,63.0624,62.2844,62.2844,0,0,0,0,33.3947,33.3947,52.3146,52.3146,0,21.3156
2.174,0,63.0624,63.0624,62.2844,62.2844,0,0,0,0,33.9753,33.9753,53.1243,53.1243,0,21.3
2.176,0,63.0624,63.0624,62.2844,62.2844,0,0,0,0,34.542,34.542,53.8874,53.8874,0,21.2842
2.178,0,63.0624,63.0624,62.2844,62.2844,0,0,0,0,35.0941,35.0941,54.6012,54.6012,0,21.2681
2.18,0,62.5754,62.5754,61.4023,61.4023,0,0,0,0,35.6308,35.6308,55.2637,55.2637,0,21.2518
2.182,0,62.5754,62.5754,61.4023,61.4023,0,0,0,0,36.1515,36.1515,55.8732,55.8732,0,21.2353
2.184,0,62.5754,62.5754,61.4023,61.4023,0,0,0,0,36.6559,36.6559,56.4287,56.4287,0,21.2185
2.186,0,62.5754,62.5754,61.4023,61.4023,0,0,0,0,37.1437,37.1437,56.9299,56.9299,0,21.2016
2.188,0,62.5754,62.5754,61.4023,61.4023,0,0,0,0,37.6148,37.6148,57.3765,57.3765,0,21.1844
2.19,0,62.4861,62.4861,60.9213,60.9213,0,0,0,0,38.0692,38.0692,57.769,57.769,0,21.1671
2.192,0,62.4861,62.4861,60.9213,60.9213,0,0,0,0,38.507,38.507,58.108,58.108,0,21.1496
2.194,0,62.4861,62.4861,60.9213,60.9213,0,0,0,0,38.9284,38.9284,58.3944,58.3944,0,21.132
2.196,0,62.4861,62.4861,60.9213,60.9213,0,0,0,0,39.3337,39.3337,58.6296,58.6296,0,21.1142
2.198,0,62.4861,62.4861,60.9213,60.9213,0,0,0,0,39.7231,39.7231,58.8151,58.8151,0,21.0962
2.2,0,62.1447,62.1447,60.2827,60.2827,0,0,0,0,40.097,40.097,58.9527,58.9527,0,21.0782
2.202,0,62.1447,62.1447,60.2827,60.2827,0,0,0,0,40.4559,40.4559,59.0443,59.0443,0,21.06
2.204,0,62.1447,62.1447,60.2827,60.2827,0,0,0,0,40.8001,40.8001,59.0921,59.0921,0,21.0417
2.206,0,62.1447,62.1447,60.2827,60.2827,0,0,0,0,41.13,41.13,59.0984,59.0984,0,21.0233
2.208,0,62.1447,62.1447,60.2827,60.2827,0,0,0,0,41.4461,41.4461,59.0655,59.0655,0,21.0048
2.21,0,61.6093,61.6093,59.6337,59.6337,0,0,0,0,41.7487,41.7487,58.9962,58.9962,0,20.9862
2.212,0,61.6093,61.6093,59.6337,59.6337,0,0,0,0,42.0384,42.0384,58.8928,58.8928,0,20.9675
2.214,0,61.6093,61.6093,59.6337,59.6337,0,0,0,0,42.3154,42.3154,58.7582,58.7582,0,20.9488
2.216,0,61.6093,61.6093,59.6337,59.6337,0,0,0,0,42.5801,42.5801,58.5949,58.5949,0,20.93
2.218,0,61.6093,61.6093,59.6337,59.6337,0,0,0,0,42.833,42.833,58.4056,58.4056,0,20.9111
2.22,0,61.2164,61.2164,59.3533,59.3533,0,0,0,0,43.0743,43.0743,58.1931,58.1931,0,20.8922
2.222,0,61.2164,61.2164,59.3533,59.3533,0,0,0,0,43.3045,43.3045,57.96,57.96,0,20.8732
2.224,0,61.2164,61.2164,59.3533,59.3533,0,0,0,0,43.5238,43.5238,57.7088,57.7088,0,20.8542
2.226,0,61.2164,61.2164,59.3533,59.3533,0,0,0,0,43.7326,43.7326,57.442,57.442,0,20.8351
2.228,0,61.2164,61.2164,59.3533,59.3533,0,0,0,0,43.9312,43.9312,57.1621,57.1621,0,20.816
2.23,0,61.1124,61.1124,59.571,59.571,0,0,0,0,44.1198,44.1198,56.8715,56.8715,0,20.7969
2.232,0,61.1124,61.1124,59.571,59.571,0,0,0,0,44.2988,44.2988,56.5723,56.5723,0,20.7778
2.234,0,61.1124,61.1124,59.571,59.571,0,0,0,0,44.4686,44.4686,56.2667,56.2667,0,20.7586
2.236,0,61.1124,61.1124,59.571,59.571,0,0,0,0,44.6292,44.6292,55.9568,55.9568,0,20.7394
2.238,0,61.1124,61.1124,59.571,59.571,0,0,0,0,44.7811,44.7811,55.6443,55.6443,0,20.7203
2.24,0,60.6182,60.6182,59.537,59.537,0,0,0,0,44.9246,44.9246,55.331,55.331,0,20.7011
2.242,0,60.6182,60.6182,59.537,59.537,0,0,0,0,45.0598,45.0598,55.0187,55.0187,0,20.682
2.244,0,60.6182,60.6182,59.537,59.537,0,0,0,0,45.1871,45.1871,54.7087,54.7087,0,20.6628
2.246,0,60.6182,60.6182,59.537,59.537,0,0,0,0,45.3067,45.3067,54.4026,54.4026,0,20.6437
2.248,0,60.6182,60.6182,59.537,59.537,0,0,0,0,45.4188,45.4188,54.1015,54.1015,0,20.6246
2.25,0,60.05,60.05,59.4538,59.4538,0,0,0,0,45.5238,45.5238,53.8066,53.8066,0,20.6056
2.252,0,60.05,60.05,59.4538,59.4538,0,0,0,0,45.6218,45.6218,53.519,53.519,0,20.5865
2.254,0,60.05,60.05,59.4538,59.4538,0,0,0,0,45.7131,45.7131,53.2396,53.2396,0,20.5675
2.256,0,60.05,60.05,59.4538,59.4538,0,0,0,0,45.7979,45.7979,52.9692,52.9692,0,20.5486
2.258,0,60.05,60.05,59.4538,59.4538,0,0,0,0,45.8764,45.8764,52.7085,52.7085,0,20.5297
2.26,0,59.9209,59.9209,59.7122,59.7122,0,0,0,0,45.9488,45.9488,52.4582,52.4582,0,20.5108
2.262,0,59.9209,59.9209,59.7122,59.7122,0,0,0,0,46.0154,46.0154,52.2189,52.2189,0,20.492
2.264,0,59.9209,59.9209,59.7122,59.7122,0,0,0,0,46.0761,46.0761,51.991,51.991,0,20.4732
2.266,0,59.9209,59.9209,59.7122,59.7122,0,0,0,0,46.1314,46.1314,51.7748,51.7748,0,20.4544
2.268,0,59.9209,59.9209,59.7122,59.7122,0,0,0,0,46.1812,46.1812,51.5708,51.5708,0,20.4357
2.27,0,59.5738,59.5738,59.5879,59.5879,0,0,0,0,46.2257,46.2257,51.3791,51.3791,0,20.4171
2.272,0,59.5738,59.5738,59.5879,59.5879,0,0,0,0,46.2652,46.2652,51.2,51.2,0,20.3984
2.274,0,59.5738,59.5738,59.5879,59.5879,0,0,0,0,46.2996,46.2996,51.0336,51.0336,0,20.3798
2.276,0,59.5738,59.5738,59.5879,59.5879,0,0,0,0,46.3292,46.3292,50.8799,50.8799,0,20.3612
2.278,0,59.5738,59.5738,59.5879,59.5879,0,0,0,0,46.354,46.354,50.7389,50.7389,0,20.3426
2.28,0,59.4811,59.4811,59.5736,59.5736,0,0,0,0,46.3743,46.3743,50.6106,50.6106,0,20.3241
2.282,0,59.4811,59.4811,59.5736,59.5736,0,0,0,0,46.39,46.39,50.4949,50.4949,0,20.3056
2.284,0,59.4811,59.4811,59.5736,59.5736,0,0,0,0,46.4014,46.4014,50.3916,50.3916,0,20.287
2.286,0,59.4811,59.4811,59.5736,59.5736,0,0,0,0,46.4086,46.4086,50.3004,50.3004,0,20.2685
2.288,0,59.4811,59.4811,59.5736,59.5736,0,0,0,0,46.4118,46.4118,50.2212,50.2212,0,20.25
2.29,0,58.977,58.977,59.0629,59.0629,0,0,0,0,46.4111,46.4111,50.1534,50.1534,0,20.2315
2.292,0,58.977,58.977,59.0629,59.0629,0,0,0,0,46.4068,46.4068,50.0968,50.0968,0,20.213
2.294,0,58.977,58.977,59.0629,59.0629,0,0,0,0,46.399,46.399,50.0508,50.0508,0,20.1945
2.296,0,58.977,58.977,59.0629,59.0629,0,0,0,0,46.388,46.388,50.015,50.015,0,20.176
2.298,0,58.977,58.977,59.0629,59.0629,0,0,0,0,46.374,46.374,49.9888,49.9888,0,20.1575
2.3,0,58.8099,58.8099,58.8469,58.8469,0,0,0,0,46.3573,46.3573,49.9717,49.9717,0,20.139
2.302,0,58.8099,58.8099,58.8469,58.8469,0,0,0,0,46.3381,46.3381,49.9629,49.9629,0,20.1205
2.304,0,58.8099,58.8099,58.8469,58.8469,0,0,0,0,46.3168,46.3168,49.9618,49.9618,0,20.102
2.306,0,58.8099,58.8099,58.8469,58.8469,0,0,0,0,46.2935,46.2935,49.9679,49.9679,0,20.0836
2.308,0,58.8099,58.8099,58.8469,58.8469,0,0,0,0,46.2687,46.2687,49.9803,49.9803,0,20.0651
2.31,0,58.3921,58.3921,58.3643,58.3643,0,0,0,0,46.2426,46.2426,49.9985,49.9985,0,20.0467
2.312,0,58.3921,58.3921,58.3643,58.3643,0,0,0,0,46.2154,46.2154,50.0218,50.0218,0,20.0282
2.314,0,58.3921,58.3921,58.3643,58.3643,0,0,0,0,46.1874,46.1874,50.0496,50.0496,0,20.0098
2.316,0,58.3921,58.3921,58.3643,58.3643,0,0,0,0,46.1589,46.1589,50.0812,50.0812,0,19.9913
2.318,0,58.3921,58.3921,58.3643,58.3643,0,0,0,0,46.13,46.13,50.1161,50.1161,0,19.9729
2.32,0,58.3699,58.3699,58.2826,58.2826,0,0,0,0,46.1011,46.1011,50.1537,50.1537,0,19.9545
2.322,0,58.3699,58.3699,58.2826,58.2826,0,0,0,0,46.0722,46.0722,50.1935,50.1935,0,19.936
2.324,0,58.3699,58.3699,58.2826,58.2826,0,0,0,0,46.0435,46.0435,50.2351,50.2351,0,19.9176
2.326,0,58.3699,58.3699,58.2826,58.2826,0,0,0,0,46.0153,46.0153,50.278,50.278,0,19.8992
2.328,0,58.3699,58.3699,58.2826,58.2826,0,0,0,0,45.9875,45.9875,50.3219,50.3219,0,19.8808
2.33,0,58.0054,58.0054,57.875,57.875,0,0,0,0,45.9604,45.9604,50.3664,50.3664,0,19.8624
2.332,0,58.0054,58.0054,57.875,57.875,0,0,0,0,45.934,45.934,50.4111,50.4111,0,19.844
2.334,0,58.0054,58.0054,57.875,57.875,0,0,0,0,45.9083,45.9083,50.4558,50.4558,0,19.8256
2.336,0,58.0054,58.0054,57.875,57.875,0,0,0,0,45.8835,45.8835,50.5003,50.5003,0,19.8071
2.338,0,58.0054,58.0054,57.875,57.875,0,0,0,0,45.8596,45.8596,50.5443,50.5443,0,19.7887
2.34,0,57.5979,57.5979,57.4366,57.4366,0,0,0,0,45.8366,45.8366,50.5876,50.5876,0,19.7703
2.342,0,57.5979,57.5979,57.4366,57.4366,0,0,0,0,45.8146,45.8146,50.6301,50.6301,0,19.7519
2.344,0,57.5979,57.5979,57.4366,57.4366,0,0,0,0,45.7935,45.7935,50.6715,50.6715,0,19.7335
2.346,0,57.5979,57.5979,57.4366,57.4366,0,0,0,0,45.7734,45.7734,50.7118,50.7118,0,19.7151
2.348,0,57.5979,57.5979,57.4366,57.4366,0,0,0,0,45.7544,45.7544,50.7509,50.7509,0,19.6966
2.35,0,57.5809,57.5809,57.3909,57.3909,0,0,0,0,45.7363,45.7363,50.7886,50.7886,0,19.6782
2.352,0,57.5809,57.5809,57.3909,57.3909,0,0,0,0,45.7192,45.7192,50.8249,50.8249,0,19.6598
2.354,0,57.5809,57.5809,57.3909,57.3909,0,0,0,0,45.7031,45.7031,50.8597,50.8597,0,19.6414
2.356,0,57.5809,57.5809,57.3909,57.3909,0,0,0,0,45.688,45.688,50.8929,50.8929,0,19.6229
2.358,0,57.5809,57.5809,57.3909,57.3909,0,0,0,0,45.6739,45.6739,50.9244,50.9244,0,19.6045
2.36,0,57.3854,57.3854,57.1673,57.1673,0,0,0,0,45.6608,45.6608,50.9543,50.9543,0,19.5861
2.362,0,57.3854,57.3854,57.1673,57.1673,0,0,0,0,45.6487,45.6487,50.9824,50.9824,0,19.5676
2.364,0,57.3854,57.3854,57.1673,57.1673,0,0,0,0,45.6375,45.6375,51.0088,51.0088,0,19.5492
2.366,0,57.3854,57.3854,57.1673,57.1673,0,0,0,0,45.6273,45.6273,51.0335,51.0335,0,19.5307
2.368,0,57.3854,57.3854,57.1673,57.1673,0,0,0,0,45.618,45.618,51.0564,51.0564,0,19.5123
2.37,0,57.0626,57.0626,56.8239,56.8239,0,0,0,0,45.6096,45.6096,51.0776,51.0776,0,19.4938
2.372,0,57.0626,57.0626,56.8239,56.8239,0,0,0,0,45.602,45.602,51.097,51.097,0,19.4754
2.374,0,57.0626,57.0626,56.8239,56.8239,0,0,0,0,45.5954,45.5954,51.1148,51.1148,0,19.4569
2.376,0,57.0626,57.0626,56.8239,56.8239,0,0,0,0,45.5895,45.5895,51.1308,51.1308,0,19.4385
2.378,0,57.0626,57.0626,56.8239,56.8239,0,0,0,0,45.5845,45.5845,51.1453,51.1453,0,19.4201
2.38,0,56.815,56.815,56.5693,56.5693,0,0,0,0,45.5802,45.5802,51.1581,51.1581,0,19.4016
2.382,0,56.815,56.815,56.5693,56.5693,0,0,0,0,45.5766,45.5766,51.1695,51.1695,0,19.3832
2.384,0,56.815,56.815,56.5693,56.5693,0,0,0,0,45.5737,45.5737,51.1794,51.1794,0,19.3647
2.386,0,56.815,56.815,56.5693,56.5693,0,0,0,0,45.5715,45.5715,51.1879,51.1879,0,19.3463
2.388,0,56.815,56.815,56.5693,56.5693,0,0,0,0,45.5699,45.5699,51.195,51.195,0,19.3278
2.39,0,56.4162,56.4162,56.1751,56.1751,0,0,0,0,45.5688,45.5688,51.201,51.201,0,19.3093
2.392,0,56.4162,56.4162,56.1751,56.1751,0,0,0,0,45.5683,45.5683,51.2057,51.2057,0,19.2909
2.394,0,56.4162,56.4162,56.1751,56.1751,0,0,0,0,45.5682,45.5682,51.2094,51.2094,0,19.2724
2.396,0,56.4162,56.4162,56.1751,56.1751,0,0,0,0,45.5685,45.5685,51.212,51.212,0,19.254
2.398,0,56.4162,56.4162,56.1751,56.1751,0,0,0,0,45.5693,45.5693,51.2138,51.2138,0,19.2355
2.4,0,56.0751,56.0751,55.8432,55.8432,0,0,0,0,45.5703,45.5703,51.2146,51.2146,0,19.2171
2.402,0,56.0751,56.0751,55.8432,55.8432,0,0,0,0,45.5717,45.5717,51.2147,51.2147,0,19.1986
2.404,0,56.0751,56.0751,55.8432,55.8432,0,0,0,0,45.5734,45.5734,51.2141,51.2141,0,19.1802
2.406,0,56.0751,56.0751,55.8432,55.8432,0,0,0,0,45.5753,45.5753,51.2129,51.2129,0,19.1617
2.408,0,56.0751,56.0751,55.8432,55.8432,0,0,0,0,45.5774,45.5774,51.2111,51.2111,0,19.1432
2.41,0,55.815,55.815,55.5908,55.5908,0,0,0,0,45.5796,45.5796,51.2088,51.2088,0,19.1248
2.412,0,55.815,55.815,55.5908,55.5908,0,0,0,0,45.582,45.582,51.206,51.206,0,19.1063
2.414,0,55.815,55.815,55.5908,55.5908,0,0,0,0,45.5846,45.5846,51.2029,51.2029,0,19.0879
2.416,0,55.815,55.815,55.5908,55.5908,0,0,0,0,45.5872,45.5872,51.1995,51.1995,0,19.0694
2.418,0,55.815,55.815,55.5908,55.5908,0,0,0,0,45.5898,45.5898,51.1958,51.1958,0,19.0509
2.42,0,55.6774,55.6774,55.4581,55.4581,0,0,0,0,45.5925,45.5925,51.1919,51.1919,0,19.0325
2.422,0,55.6774,55.6774,55.4581,55.4581,0,0,0,0,45.5952,45.5952,51.1877,51.1877,0,19.014
2.424,0,55.6774,55.6774,55.4581,55.4581,0,0,0,0,45.598,45.598,51.1835,51.1835,0,18.9956
2.426,0,55.6774,55.6774,55.4581,55.4581,0,0,0,0,45.6007,45.6007,51.1792,51.1792,0,18.9771
2.428,0,55.6774,55.6774,55.4581,55.4581,0,0,0,0,45.6034,45.6034,51.1747,51.1747,0,18.9586
2.43,0,55.2824,55.2824,55.0674,55.0674,0,0,0,0,45.6061,45.6061,51.1703,51.1703,0,18.9402
2.432,0,55.2824,55.2824,55.0674,55.0674,0,0,0,0,45.6087,45.6087,51.1658,51.1658,0,18.9217
2.434,0,55.2824,55.2824,55.0674,55.0674,0,0,0,0,45.6113,45.6113,51.1614,51.1614,0,18.9032
2.436,0,55.2824,55.2824,55.0674,55.0674,0,0,0,0,45.6138,45.6138,51.1569,51.1569,0,18.8848
2.438,0,55.2824,55.2824,55.0674,55.0674,0,0,0,0,45.6163,45.6163,51.1526,51.1526,0,18.8663
2.44,0,55.1448,55.1448,54.9349,54.9349,0,0,0,0,45.6186,45.6186,51.1483,51.1483,0,18.8479
2.442,0,55.1448,55.1448,54.9349,54.9349,0,0,0,0,45.6209,45.6209,51.1441,51.1441,0,18.8294
2.444,0,55.1448,55.1448,54.9349,54.9349,0,0,0,0,45.6231,45.6231,51.1401,51.1401,0,18.8109
2.446,0,55.1448,55.1448,54.9349,54.9349,0,0,0,0,45.6252,45.6252,51.1361,51.1361,0,18.7925
2.448,0,55.1448,55.1448,54.9349,54.9349,0,0,0,0,45.6272,45.6272,51.1323,51.1323,0,18.774
2.45,0,54.7186,54.7186,54.5141,54.5141,0,0,0,0,45.6291,45.6291,51.1287,51.1287,0,18.7556
2.452,0,54.7186,54.7186,54.5141,54.5141,0,0,0,0,45.6309,45.6309,51.1252,51.1252,0,18.7371
2.454,0,54.7186,54.7186,54.5141,54.5141,0,0,0,0,45.6326,45.6326,51.1219,51.1219,0,18.7186
2.456,0,54.7186,54.7186,54.5141,54.5141,0,0,0,0,45.6342,45.6342,51.1188,51.1188,0,18.7002
2.458,0,54.7186,54.7186,54.5141,54.5141,0,0,0,0,45.6357,45.6357,51.1158,51.1158,0,18.6817
2.46,0,54.5405,54.5405,54.3401,54.3401,0,0,0,0,45.637,45.637,51.113,51.113,0,18.6633
2.462,0,54.5405,54.5405,54.3401,54.3401,0,0,0,0,45.6383,45.6383,51.1104,51.1104,0,18.6448
2.464,0,54.5405,54.5405,54.3401,54.3401,0,0,0,0,45.6395,45.6395,51.108,51.108,0,18.6264
2.466,0,54.5405,54.5405,54.3401,54.3401,0,0,0,0,45.6405,45.6405,51.1058,51.1058,0,18.6079
2.468,0,54.5405,54.5405,54.3401,54.3401,0,0,0,0,45.6415,45.6415,51.1038,51.1038,0,18.5894
2.47,0,54.3831,54.3831,54.1847,54.1847,0,0,0,0,45.6423,45.6423,51.1019,51.1019,0,18.571
2.472,0,54.3831,54.3831,54.1847,54.1847,0,0,0,0,45.6431,45.6431,51.1002,51.1002,0,18.5525
2.474,0,54.3831,54.3831,54.1847,54.1847,0,0,0,0,45.6437,45.6437,51.0987,51.0987,0,18.5341
2.476,0,54.3831,54.3831,54.1847,54.1847,0,0,0,0,45.6443,45.6443,51.0974,51.0974,0,18.5156
2.478,0,54.3831,54.3831,54.1847,54.1847,0,0,0,0,45.6448,45.6448,51.0962,51.0962,0,18.4971
2.48,0,54.147,54.147,53.9492,53.9492,0,0,0,0,45.6452,45.6452,51.0951,51.0951,0,18.4787
2.482,0,54.147,54.147,53.9492,53.9492,0,0,0,0,45.6456,45.6456,51.0942,51.0942,0,18.4602
2.484,0,54.147,54.147,53.9492,53.9492,0,0,0,0,45.6459,45.6459,51.0934,51.0934,0,18.4418
2.486,0,54.147,54.147,53.9492,53.9492,0,0,0,0,45.6461,45.6461,51.0928,51.0928,0,18.4233
2.488,0,54.147,54.147,53.9492,53.9492,0,0,0,0,45.6462,45.6462,51.0923,51.0923,0,18.4049
2.49,0,53.7522,53.7522,53.5545,53.5545,0,0,0,0,45.6463,45.6463,51.0918,51.0918,0,18.3864
2.492,0,53.7522,53.7522,53.5545,53.5545,0,0,0,0,45.6464,45.6464,51.0915,51.0915,0,18.3679
2.494,0,53.7522,53.7522,53.5545,53.5545,0,0,0,0,45.6464,45.6464,51.0913,51.0913,0,18.3495
2.496,0,53.7522,53.7522,53.5545,53.5545,0,0,0,0,45.6464,45.6464,51.0912,51.0912,0,18.331
2.498,0,53.7522,53.7522,53.5545,53.5545,0,0,0,0,45.6463,45.6463,51.0911,51.0911,0,18.3126
2.5,0,53.4294,53.4294,53.2324,53.2324,0,0,0,0,45.6462,45.6462,51.0911,51.0911,0,18.2941
2.502,0,53.4294,53.4294,53.2324,53.2324,0,0,0,0,45.6461,45.6461,51.0912,51.0912,0,18.2756
2.504,0,53.4294,53.4294,53.2324,53.2324,0,0,0,0,45.6459,45.6459,51.0913,51.0913,0,18.2572
2.506,0,53.4294,53.4294,53.2324,53.2324,0,0,0,0,45.6457,45.6457,51.0915,51.0915,0,18.2387
2.508,0,53.4294,53.4294,53.2324,53.2324,0,0,0,0,45.6456,45.6456,51.0917,51.0917,0,18.2203
2.51,0,53.389,53.389,53.1928,53.1928,0,0,0,0,45.6453,45.6453,51.092,51.092,0,18.2018
2.512,0,53.389,53.389,53.1928,53.1928,0,0,0,0,45.6451,45.6451,51.0923,51.0923,0,18.1834
2.514,0,53.389,53.389,53.1928,53.1928,0,0,0,0,45.6449,45.6449,51.0926,51.0926,0,18.1649
2.516,0,53.389,53.389,53.1928,53.1928,0,0,0,0,45.6446,45.6446,51.093,51.093,0,18.1464
2.518,0,53.389,53.389,53.1928,53.1928,0,0,0,0,45.6444,45.6444,51.0933,51.0933,0,18.128
2.52,0,52.9759,52.9759,52.7804,52.7804,0,0,0,0,45.6441,45.6441,51.0937,51.0937,0,18.1095
2.522,0,52.9759,52.9759,52.7804,52.7804,0,0,0,0,45.6439,45.6439,51.0941,51.0941,0,18.0911
2.524,0,52.9759,52.9759,52.7804,52.7804,0,0,0,0,45.6436,45.6436,51.0946,51.0946,0,18.0726
2.526,0,52.9759,52.9759,52.7804,52.7804,0,0,0,0,45.6433,45.6433,51.095,51.095,0,18.0542
2.528,0,52.9759,52.9759,52.7804,52.7804,0,0,0,0,45.6431,45.6431,51.0954,51.0954,0,18.0357
2.53,0,52.7232,52.7232,52.5282,52.5282,0,0,0,0,45.6428,45.6428,51.0958,51.0958,0,18.0172
2.532,0,52.7232,52.7232,52.5282,52.5282,0,0,0,0,45.6426,45.6426,51.0963,51.0963,0,17.9988
2.534,0,52.7232,52.7232,52.5282,52.5282,0,0,0,0,45.6423,45.6423,51.0967,51.0967,0,17.9803
2.536,0,52.7232,52.7232,52.5282,52.5282,0,0,0,0,45.6421,45.6421,51.0971,51.0971,0,17.9619
2.538,0,52.7232,52.7232,52.5282,52.5282,0,0,0,0,45.6418,45.6418,51.0975,51.0975,0,17.9434
2.54,0,52.1767,52.1767,51.9822,51.9822,0,0,0,0,45.6416,45.6416,51.098,51.098,0,17.925
2.542,0,52.1767,52.1767,51.9822,51.9822,0,0,0,0,45.6414,45.6414,51.0984,51.0984,0,17.9065
2.544,0,52.1767,52.1767,51.9822,51.9822,0,0,0,0,45.6412,45.6412,51.0987,51.0987,0,17.8881
2.546,0,52.1767,52.1767,51.9822,51.9822,0,0,0,0,45.6409,45.6409,51.0991,51.0991,0,17.8696
2.548,0,52.1767,52.1767,51.9822,51.9822,0,0,0,0,45.6408,45.6408,51.0995,51.0995,0,17.8511
2.55,0,52.2366,52.2366,52.0427,52.0427,0,0,0,0,45.6406,45.6406,51.0998,51.0998,0,17.8327
2.552,0,52.2366,52.2366,52.0427,52.0427,0,0,0,0,45.6404,45.6404,51.1001,51.1001,0,17.8142
2.554,0,52.2366,52.2366,52.0427,52.0427,0,0,0,0,45.6402,45.6402,51.1004,51.1004,0,17.7958
2.556,0,52.2366,52.2366,52.0427,52.0427,0,0,0,0,45.6401,45.6401,51.1007,51.1007,0,17.7773
2.558,0,52.2366,52.2366,52.0427,52.0427,0,0,0,0,45.6399,45.6399,51.101,51.101,0,17.7589
2.56,0,51.7204,51.7204,51.5273,51.5273,0,0,0,0,45.6398,45.6398,51.1012,51.1012,0,17.7404
2.562,0,51.7204,51.7204,51.5273,51.5273,0,0,0,0,45.6397,45.6397,51.1015,51.1015,0,17.7219
2.564,0,51.7204,51.7204,51.5273,51.5273,0,0,0,0,45.6396,45.6396,51.1017,51.1017,0,17.7035
2.566,0,51.7204,51.7204,51.5273,51.5273,0,0,0,0,45.6395,45.6395,51.1019,51.1019,0,17.685
2.568,0,51.7204,51.7204,51.5273,51.5273,0,0,0,0,45.6394,45.6394,51.102,51.102,0,17.6666
2.57,0,51.4748,51.4748,51.2828,51.2828,0,0,0,0,45.6393,45.6393,51.1022,51.1022,0,17.6481
2.572,0,51.4748,51.4748,51.2828,51.2828,0,0,0,0,45.6392,45.6392,51.1024,51.1024,0,17.6297
2.574,0,51.4748,51.4748,51.2828,51.2828,0,0,0,0,45.6391,45.6391,51.1025,51.1025,0,17.6112
2.576,0,51.4748,51.4748,51.2828,51.2828,0,0,0,0,45.6391,45.6391,51.1026,51.1026,0,17.5927
2.578,0,51.4748,51.4748,51.2828,51.2828,0,0,0,0,45.639,45.639,51.1027,51.1027,0,17.5743
2.58,0,51.4521,51.4521,51.2612,51.2612,0,0,0,0,45.639,45.639,51.1028,51.1028,0,17.5558
2.582,0,51.4521,51.4521,51.2612,51.2612,0,0,0,0,45.6389,45.6389,51.1029,51.1029,0,17.5374
2.584,0,51.4521,51.4521,51.2612,51.2612,0,0,0,0,45.6389,45.6389,51.103,51.103,0,17.5189
2.586,0,51.4521,51.4521,51.2612,51.2612,0,0,0,0,45.6389,45.6389,51.1031,51.1031,0,17.5005
2.588,0,51.4521,51.4521,51.2612,51.2612,0,0,0,0,45.6388,45.6388,51.1031,51.1031,0,17.482
2.59,0,51.035,51.035,50.8451,50.8451,0,0,0,0,45.6388,45.6388,51.1032,51.1032,0,17.4635
2.592,0,51.035,51.035,50.8451,50.8451,0,0,0,0,45.6388,45.6388,51.1032,51.1032,0,17.4451
2.594,0,51.035,51.035,50.8451,50.8451,0,0,0,0,45.6388,45.6388,51.1032,51.1032,0,17.4266
2.596,0,51.035,51.035,50.8451,50.8451,0,0,0,0,45.6388,45.6388,51.1033,51.1033,0,17.4082
2.598,0,51.035,51.035,50.8451,50.8451,0,0,0,0,45.6388,45.6388,51.1033,51.1033,0,17.3897
2.6,0,50.9589,50.9589,50.77,50.77,0,0,0,0,45.6388,45.6388,51.1033,51.1033,0,17.3713
2.602,0,50.9589,50.9589,50.77,50.77,0,0,0,0,45.6388,45.6388,51.1033,51.1033,0,17.3528
2.604,0,50.9589,50.9589,50.77,50.77,0,0,0,0,45.6388,45.6388,51.1033,51.1033,0,17.3343
2.606,0,50.9589,50.9589,50.77,50.77,0,0,0,0,45.6388,45.6388,51.1033,51.1033,0,17.3159
2.608,0,50.9589,50.9589,50.77,50.77,0,0,0,0,45.6388,45.6388,51.1033,51.1033,0,17.2974
2.61,0,50.5244,50.5244,50.3365,50.3365,0,0,0,0,45.6388,45.6388,51.1033,51.1033,0,17.279
2.612,0,50.5244,50.5244,50.3365,50.3365,0,0,0,0,45.6388,45.6388,51.1033,51.1033,0,17.2605
2.614,0,50.5244,50.5244,50.3365,50.3365,0,0,0,0,45.6388,45.6388,51.1033,51.1033,0,17.2421
2.616,0,50.5244,50.5244,50.3365,50.3365,0,0,0,0,45.6388,45.6388,51.1033,51.1033,0,17.2236
2.618,0,50.5244,50.5244,50.3365,50.3365,0,0,0,0,45.6388,45.6388,51.1033,51.1033,0,17.2052
2.62,0,50.2793,50.2793,50.0924,50.0924,0,0,0,0,45.6388,45.6388,51.1032,51.1032,0,17.1867
2.622,0,50.2793,50.2793,50.0924,50.0924,0,0,0,0,45.6388,45.6388,51.1032,51.1032,0,17.1682
2.624,0,50.2793,50.2793,50.0924,50.0924,0,0,0,0,45.6389,45.6389,51.1032,51.1032,0,17.1498
2.626,0,50.2793,50.2793,50.0924,50.0924,0,0,0,0,45.6389,45.6389,51.1032,51.1032,0,17.1313
2.628,0,50.2793,50.2793,50.0924,50.0924,0,0,0,0,45.6389,45.6389,51.1032,51.1032,0,17.1129
2.63,0,49.9013,49.9013,49.7155,49.7155,0,0,0,0,45.6389,45.6389,51.1031,51.1031,0,17.0944
2.632,0,49.9013,49.9013,49.7155,49.7155,0,0,0,0,45.6389,45.6389,51.1031,51.1031,0,17.076
2.634,0,49.9013,49.9013,49.7155,49.7155,0,0,0,0,45.6389,45.6389,51.1031,51.1031,0,17.0575
2.636,0,49.9013,49.9013,49.7155,49.7155,0,0,0,0,45.6389,45.6389,51.1031,51.1031,0,17.039
2.638,0,49.9013,49.9013,49.7155,49.7155,0,0,0,0,45.6389,45.6389,51.1031,51.1031,0,17.0206
2.64,0,49.8153,49.8153,49.6306,49.6306,0,0,0,0,45.6389,45.6389,51.103,51.103,0,17.0021
2.642,0,49.8153,49.8153,49.6306,49.6306,0,0,0,0,45.6389,45.6389,51.103,51.103,0,16.9837
2.644,0,49.8153,49.8153,49.6306,49.6306,0,0,0,0,45.639,45.639,51.103,51.103,0,16.9652
2.646,0,49.8153,49.8153,49.6306,49.6306,0,0,0,0,45.639,45.639,51.103,51.103,0,16.9468
2.648,0,49.8153,49.8153,49.6306,49.6306,0,0,0,0,45.639,45.639,51.103,51.103,0,16.9283
2.65,0,49.4337,49.4337,49.25,49.25,0,0,0,0,45.639,45.639,51.103,51.103,0,16.9098
2.652,0,49.4337,49.4337,49.25,49.25,0,0,0,0,45.639,45.639,51.103,51.103,0,16.8914
2.654,0,49.4337,49.4337,49.25,49.25,0,0,0,0,45.639,45.639,51.103,51.103,0,16.8729
2.656,0,49.4337,49.4337,49.25,49.25,0,0,0,0,45.639,45.639,51.103,51.103,0,16.8545
2.658,0,49.4337,49.4337,49.25,49.25,0,0,0,0,45.639,45.639,51.103,51.103,0,16.836
2.66,0,49.0022,49.0022,48.8194,48.8194,0,0,0,0,45.639,45.639,51.103,51.103,0,16.8176
2.662,0,49.0022,49.0022,48.8194,48.8194,0,0,0,0,45.639,45.639,51.103,51.103,0,16.7991
2.664,0,49.0022,49.0022,48.8194,48.8194,0,0,0,0,45.639,45.639,51.103,51.103,0,16.7807
2.666,0,49.0022,49.0022,48.8194,48.8194,0,0,0,0,45.639,45.639,51.103,51.103,0,16.7622
2.668,0,49.0022,49.0022,48.8194,48.8194,0,0,0,0,45.639,45.639,51.103,51.103,0,16.7437
2.67,0,48.9551,48.9551,48.7733,48.7733,0,0,0,0,45.639,45.639,51.103,51.103,0,16.7253
2.672,0,48.9551,48.9551,48.7733,48.7733,0,0,0,0,45.6389,45.6389,51.103,51.103,0,16.7068
2.674,0,48.9551,48.9551,48.7733,48.7733,0,0,0,0,45.6389,45.6389,51.103,51.103,0,16.6884
2.676,0,48.9551,48.9551,48.7733,48.7733,0,0,0,0,45.6389,45.6389,51.103,51.103,0,16.6699
2.678,0,48.9551,48.9551,48.7733,48.7733,0,0,0,0,45.6389,45.6389,51.103,51.103,0,16.6515
2.68,0,48.7124,48.7124,48.5317,48.5317,0,0,0,0,45.6389,45.6389,51.103,51.103,0,16.633
2.682,0,48.7124,48.7124,48.5317,48.5317,0,0,0,0,45.6389,45.6389,51.103,51.103,0,16.6145
2.684,0,48.7124,48.7124,48.5317,48.5317,0,0,0,0,45.6389,45.6389,51.1031,51.1031,0,16.5961
2.686,0,48.7124,48.7124,48.5317,48.5317,0,0,0,0,45.6389,45.6389,51.1031,51.1031,0,16.5776
2.688,0,48.7124,48.7124,48.5317,48.5317,0,0,0,0,45.6389,45.6389,51.1031,51.1031,0,16.5592
2.69,0,48.4141,48.4141,48.2344,48.2344,0,0,0,0,45.6389,45.6389,51.1031,51.1031,0,16.5407
2.692,0,48.4141,48.4141,48.2344,48.2344,0,0,0,0,45.6389,45.6389,51.1031,51.1031,0,16.5223
2.694,0,48.4141,48.4141,48.2344,48.2344,0,0,0,0,45.6389,45.6389,51.1031,51.1031,0,16.5038
2.696,0,48.4141,48.4141,48.2344,48.2344,0,0,0,0,45.6388,45.6388,51.1031,51.1031,0,16.4854
2.698,0,48.4141,48.4141,48.2344,48.2344,0,0,0,0,45.6388,45.6388,51.1032,51.1032,0,16.4669
2.7,0,48.0972,48.0972,47.9185,47.9185,0,0,0,0,45.6388,45.6388,51.1032,51.1032,0,16.4484
2.702,0,48.0972,48.0972,47.9185,47.9185,0,0,0,0,45.6388,45.6388,51.1032,51.1032,0,16.43
2.704,0,48.0972,48.0972,47.9185,47.9185,0,0,0,0,45.6388,45.6388,51.1032,51.1032,0,16.4115
2.706,0,48.0972,48.0972,47.9185,47.9185,0,0,0,0,45.6388,45.6388,51.1032,51.1032,0,16.3931
2.708,0,48.0972,48.0972,47.9185,47.9185,0,0,0,0,45.6388,45.6388,51.1033,51.1033,0,16.3746
2.71,0,47.8989,47.8989,47.7212,47.7212,0,0,0,0,45.6388,45.6388,51.1033,51.1033,0,16.3562
2.712,0,47.8989,47.8989,47.7212,47.7212,0,0,0,0,45.6388,45.6388,51.1033,51.1033,0,16.3377
2.714,0,47.8989,47.8989,47.7212,47.7212,0,0,0,0,45.6387,45.6387,51.1033,51.1033,0,16.3193
2.716,0,47.8989,47.8989,47.7212,47.7212,0,0,0,0,45.6387,45.6387,51.1033,51.1033,0,16.3008
2.718,0,47.8989,47.8989,47.7212,47.7212,0,0,0,0,45.6387,45.6387,51.1033,51.1033,0,16.2823
2.72,0,47.5103,47.5103,47.3336,47.3336,0,0,0,0,45.6387,45.6387,51.1034,51.1034,0,16.2639
2.722,0,47.5103,47.5103,47.3336,47.3336,0,0,0,0,45.6387,45.6387,51.1034,51.1034,0,16.2454
2.724,0,47.5103,47.5103,47.3336,47.3336,0,0,0,0,45.6387,45.6387,51.1034,51.1034,0,16.227
2.726,0,47.5103,47.5103,47.3336,47.3336,0,0,0,0,45.6387,45.6387,51.1034,51.1034,0,16.2085
2.728,0,47.5103,47.5103,47.3336,47.3336,0,0,0,0,45.6387,45.6387,51.1034,51.1034,0,16.1901
2.73,0,47.245,47.245,47.0693,47.0693,0,0,0,0,45.6386,45.6386,51.1035,51.1035,0,16.1716
2.732,0,47.245,47.245,47.0693,47.0693,0,0,0,0,45.6386,45.6386,51.1035,51.1035,0,16.1531
2.734,0,47.245,47.245,47.0693,47.0693,0,0,0,0,45.6386,45.6386,51.1035,51.1035,0,16.1347
2.736,0,47.245,47.245,47.0693,47.0693,0,0,0,0,45.6386,45.6386,51.1035,51.1035,0,16.1162
2.738,0,47.245,47.245,47.0693,47.0693,0,0,0,0,45.6386,45.6386,51.1035,51.1035,0,16.0978
2.74,0,47.0113,47.0113,46.8366,46.8366,0,0,0,0,45.6386,45.6386,51.1036,51.1036,0,16.0793
2.742,0,47.0113,47.0113,46.8366,46.8366,0,0,0,0,45.6386,45.6386,51.1036,51.1036,0,16.0609
2.744,0,47.0113,47.0113,46.8366,46.8366,0,0,0,0,45.6386,45.6386,51.1036,51.1036,0,16.0424
2.746,0,47.0113,47.0113,46.8366,46.8366,0,0,0,0,45.6385,45.6385,51.1036,51.1036,0,16.024
2.748,0,47.0113,47.0113,46.8366,46.8366,0,0,0,0,45.6385,45.6385,51.1036,51.1036,0,16.0055
2.75,0,46.6924,46.6924,46.5187,46.5187,0,0,0,0,45.6385,45.6385,51.1037,51.1037,0,15.987
2.752,0,46.6924,46.6924,46.5187,46.5187,0,0,0,0,45.6385,45.6385,51.1037,51.1037,0,15.9686
2.754,0,46.6924,46.6924,46.5187,46.5187,0,0,0,0,45.6385,45.6385,51.1037,51.1037,0,15.9501
2.756,0,46.6924,46.6924,46.5187,46.5187,0,0,0,0,45.6385,45.6385,51.1037,51.1037,0,15.9317
2.758,0,46.6924,46.6924,46.5187,46.5187,0,0,0,0,45.6385,45.6385,51.1037,51.1037,0,15.9132
2.76,0,46.4462,46.4462,46.2735,46.2735,0,0,0,0,45.6385,45.6385,51.1037,51.1037,0,15.8948
2.762,0,46.4462,46.4462,46.2735,46.2735,0,0,0,0,45.6385,45.6385,51.1038,51.1038,0,15.8763
2.764,0,46.4462,46.4462,46.2735,46.2735,0,0,0,0,45.6384,45.6384,51.1038,51.1038,0,15.8579
2.766,0,46.4462,46.4462,46.2735,46.2735,0,0,0,0,45.6384,45.6384,51.1038,51.1038,0,15.8394
2.768,0,46.4462,46.4462,46.2735,46.2735,0,0,0,0,45.6384,45.6384,51.1038,51.1038,0,15.8209
2.77,0,46.1743,46.1743,46.0026,46.0026,0,0,0,0,45.6384,45.6384,51.1038,51.1038,0,15.8025
2.772,0,46.1743,46.1743,46.0026,46.0026,0,0,0,0,45.6384,45.6384,51.1038,51.1038,0,15.784
2.774,0,46.1743,46.1743,46.0026,46.0026,0,0,0,0,45.6384,45.6384,51.1039,51.1039,0,15.7656
2.776,0,46.1743,46.1743,46.0026,46.0026,0,0,0,0,45.6384,45.6384,51.1039,51.1039,0,15.7471
2.778,0,46.1743,46.1743,46.0026,46.0026,0,0,0,0,45.6384,45.6384,51.1039,51.1039,0,15.7287
2.78,0,46.0375,46.0375,45.8668,45.8668,0,0,0,0,45.6384,45.6384,51.1039,51.1039,0,15.7102
2.782,0,46.0375,46.0375,45.8668,45.8668,0,0,0,0,45.6384,45.6384,51.1039,51.1039,0,15.6918
2.784,0,46.0375,46.0375,45.8668,45.8668,0,0,0,0,45.6383,45.6383,51.1039,51.1039,0,15.6733
2.786,0,46.0375,46.0375,45.8668,45.8668,0,0,0,0,45.6383,45.6383,51.104,51.104,0,15.6548
2.788,0,46.0375,46.0375,45.8668,45.8668,0,0,0,0,45.6383,45.6383,51.104,51.104,0,15.6364
2.79,0,45.7021,45.7021,45.5324,45.5324,0,0,0,0,45.6383,45.6383,51.104,51.104,0,15.6179
2.792,0,45.7021,45.7021,45.5324,45.5324,0,0,0,0,45.6383,45.6383,51.104,51.104,0,15.5995
2.794,0,45.7021,45.7021,45.5324,45.5324,0,0,0,0,45.6383,45.6383,51.104,51.104,0,15.581
2.796,0,45.7021,45.7021,45.5324,45.5324,0,0,0,0,45.6383,45.6383,51.104,51.104,0,15.5626
2.798,0,45.7021,45.7021,45.5324,45.5324,0,0,0,0,45.6383,45.6383,51.1041,51.1041,0,15.5441
2.8,0,45.2486,45.2486,45.0799,45.0799,0,0,0,0,45.6383,45.6383,51.1041,51.1041,0,15.5257
2.802,0,45.2486,45.2486,45.0799,45.0799,0,0,0,0,45.6382,45.6382,51.1041,51.1041,0,15.5072
2.804,0,45.2486,45.2486,45.0799,45.0799,0,0,0,0,45.6382,45.6382,51.1041,51.1041,0,15.4887
2.806,0,45.2486,45.2486,45.0799,45.0799,0,0,0,0,45.6382,45.6382,51.1041,51.1041,0,15.4703
2.808,0,45.2486,45.2486,45.0799,45.0799,0,0,0,0,45.6382,45.6382,51.1041,51.1041,0,15.4518
2.81,0,45.1905,45.1905,45.0228,45.0228,0,0,0,0,45.6382,45.6382,51.1041,51.1041,0,15.4334
2.812,0,45.1905,45.1905,45.0228,45.0228,0,0,0,0,45.6382,45.6382,51.1042,51.1042,0,15.4149
2.814,0,45.1905,45.1905,45.0228,45.0228,0,0,0,0,45.6382,45.6382,51.1042,51.1042,0,15.3965
2.816,0,45.1905,45.1905,45.0228,45.0228,0,0,0,0,45.6382,45.6382,51.1042,51.1042,0,15.378
2.818,0,45.1905,45.1905,45.0228,45.0228,0,0,0,0,45.6382,45.6382,51.1042,51.1042,0,15.3596
2.82,0,44.7539,44.7539,44.5872,44.5872,0,0,0,0,45.6382,45.6382,51.1042,51.1042,0,15.3411
2.822,0,44.7539,44.7539,44.5872,44.5872,0,0,0,0,45.6382,45.6382,51.1042,51.1042,0,15.3227
2.824,0,44.7539,44.7539,44.5872,44.5872,0,0,0,0,45.6381,45.6381,51.1043,51.1043,0,15.3042
2.826,0,44.7539,44.7539,44.5872,44.5872,0,0,0,0,45.6381,45.6381,51.1043,51.1043,0,15.2857
2.828,0,44.7539,44.7539,44.5872,44.5872,0,0,0,0,45.6381,45.6381,51.1043,51.1043,0,15.2673
2.83,0,44.7736,44.7736,44.6079,44.6079,0,0,0,0,45.6381,45.6381,51.1043,51.1043,0,15.2488
2.832,0,44.7736,44.7736,44.6079,44.6079,0,0,0,0,45.6381,45.6381,51.1043,51.1043,0,15.2304
2.834,0,44.7736,44.7736,44.6079,44.6079,0,0,0,0,45.6381,45.6381,51.1043,51.1043,0,15.2119
2.836,0,44.7736,44.7736,44.6079,44.6079,0,0,0,0,45.6381,45.6381,51.1043,51.1043,0,15.1935
2.838,0,44.7736,44.7736,44.6079,44.6079,0,0,0,0,45.6381,45.6381,51.1044,51.1044,0,15.175
2.84,0,44.4139,44.4139,44.2492,44.2492,0,0,0,0,45.6381,45.6381,51.1044,51.1044,0,15.1566
2.842,0,44.4139,44.4139,44.2492,44.2492,0,0,0,0,45.6381,45.6381,51.1044,51.1044,0,15.1381
2.844,0,44.4139,44.4139,44.2492,44.2492,0,0,0,0,45.638,45.638,51.1044,51.1044,0,15.1196
2.846,0,44.4139,44.4139,44.2492,44.2492,0,0,0,0,45.638,45.638,51.1044,51.1044,0,15.1012
2.848,0,44.4139,44.4139,44.2492,44.2492,0,0,0,0,45.638,45.638,51.1044,51.1044,0,15.0827
2.85,0,44.0519,44.0519,43.8882,43.8882,0,0,0,0,45.638,45.638,51.1045,51.1045,0,15.0643
2.852,0,44.0519,44.0519,43.8882,43.8882,0,0,0,0,45.638,45.638,51.1045,51.1045,0,15.0458
2.854,0,44.0519,44.0519,43.8882,43.8882,0,0,0,0,45.638,45.638,51.1045,51.1045,0,15.0274
2.856,0,44.0519,44.0519,43.8882,43.8882,0,0,0,0,45.638,45.638,51.1045,51.1045,0,15.0089
2.858,0,44.0519,44.0519,43.8882,43.8882,0,0,0,0,45.638,45.638,51.1045,51.1045,0,14.9905
2.86,0,43.774,43.774,43.6114,43.6114,0,0,0,0,45.638,45.638,51.1045,51.1045,0,14.972
2.862,0,43.774,43.774,43.6114,43.6114,0,0,0,0,45.638,45.638,51.1045,51.1045,0,14.9535
2.864,0,43.774,43.774,43.6114,43.6114,0,0,0,0,45.6379,45.6379,51.1046,51.1046,0,14.9351
2.866,0,43.774,43.774,43.6114,43.6114,0,0,0,0,45.6379,45.6379,51.1046,51.1046,0,14.9166
2.868,0,43.774,43.774,43.6114,43.6114,0,0,0,0,45.6379,45.6379,51.1046,51.1046,0,14.8982
2.87,0,43.7004,43.7004,43.5388,43.5388,0,0,0,0,45.6379,45.6379,51.1046,51.1046,0,14.8797
2.872,0,43.7004,43.7004,43.5388,43.5388,0,0,0,0,45.6379,45.6379,51.1046,51.1046,0,14.8613
2.874,0,43.7004,43.7004,43.5388,43.5388,0,0,0,0,45.6379,45.6379,51.1046,51.1046,0,14.8428
2.876,0,43.7004,43.7004,43.5388,43.5388,0,0,0,0,45.6379,45.6379,51.1047,51.1047,0,14.8244
2.878,0,43.7004,43.7004,43.5388,43.5388,0,0,0,0,45.6379,45.6379,51.1047,51.1047,0,14.8059
2.88,0,43.1178,43.1178,42.9572,42.9572,0,0,0,0,45.6379,45.6379,51.1047,51.1047,0,14.7875
2.882,0,43.1178,43.1178,42.9572,42.9572,0,0,0,0,45.6379,45.6379,51.1047,51.1047,0,14.769
2.884,0,43.1178,43.1178,42.9572,42.9572,0,0,0,0,45.6378,45.6378,51.1047,51.1047,0,14.7505
2.886,0,43.1178,43.1178,42.9572,42.9572,0,0,0,0,45.6378,45.6378,51.1047,51.1047,0,14.7321
2.888,0,43.1178,43.1178,42.9572,42.9572,0,0,0,0,45.6378,45.6378,51.1047,51.1047,0,14.7136
2.89,0,42.9428,42.9428,42.7832,42.7832,0,0,0,0,45.6378,45.6378,51.1048,51.1048,0,14.6952
2.892,0,42.9428,42.9428,42.7832,42.7832,0,0,0,0,45.6378,45.6378,51.1048,51.1048,0,14.6767
2.894,0,42.9428,42.9428,42.7832,42.7832,0,0,0,0,45.6378,45.6378,51.1048,51.1048,0,14.6583
2.896,0,42.9428,42.9428,42.7832,42.7832,0,0,0,0,45.6378,45.6378,51.1048,51.1048,0,14.6398
2.898,0,42.9428,42.9428,42.7832,42.7832,0,0,0,0,45.6378,45.6378,51.1048,51.1048,0,14.6214
2.9,0,42.8626,42.8626,42.7039,42.7039,0,0,0,0,45.6378,45.6378,51.1048,51.1048,0,14.6029
2.902,0,42.8626,42.8626,42.7039,42.7039,0,0,0,0,45.6378,45.6378,51.1048,51.1048,0,14.5845
2.904,0,42.8626,42.8626,42.7039,42.7039,0,0,0,0,45.6378,45.6378,51.1049,51.1049,0,14.566
2.906,0,42.8626,42.8626,42.7039,42.7039,0,0,0,0,45.6377,45.6377,51.1049,51.1049,0,14.5475
2.908,0,42.8626,42.8626,42.7039,42.7039,0,0,0,0,45.6377,45.6377,51.1049,51.1049,0,14.5291
2.91,0,42.5806,42.5806,42.4229,42.4229,0,0,0,0,45.6377,45.6377,51.1049,51.1049,0,14.5106
2.912,0,42.5806,42.5806,42.4229,42.4229,0,0,0,0,45.6377,45.6377,51.1049,51.1049,0,14.4922
2.914,0,42.5806,42.5806,42.4229,42.4229,0,0,0,0,45.6377,45.6377,51.1049,51.1049,0,14.4737
2.916,0,42.5806,42.5806,42.4229,42.4229,0,0,0,0,45.6377,45.6377,51.105,51.105,0,14.4553
2.918,0,42.5806,42.5806,42.4229,42.4229,0,0,0,0,45.6377,45.6377,51.105,51.105,0,14.4368
2.92,0,42.0545,42.0545,41.8978,41.8978,0,0,0,0,45.6377,45.6377,51.105,51.105,0,14.4184
2.922,0,42.0545,42.0545,41.8978,41.8978,0,0,0,0,45.6377,45.6377,51.105,51.105,0,14.3999
2.924,0,42.0545,42.0545,41.8978,41.8978,0,0,0,0,45.6377,45.6377,51.105,51.105,0,14.3815
2.926,0,42.0545,42.0545,41.8978,41.8978,0,0,0,0,45.6376,45.6376,51.105,51.105,0,14.363
2.928,0,42.0545,42.0545,41.8978,41.8978,0,0,0,0,45.6376,45.6376,51.105,51.105,0,14.3445
2.93,0,41.958,41.958,41.8023,41.8023,0,0,0,0,45.6376,45.6376,51.1051,51.1051,0,14.3261
2.932,0,41.958,41.958,41.8023,41.8023,0,0,0,0,45.6376,45.6376,51.1051,51.1051,0,14.3076
2.934,0,41.958,41.958,41.8023,41.8023,0,0,0,0,45.6376,45.6376,51.1051,51.1051,0,14.2892
2.936,0,41.958,41.958,41.8023,41.8023,0,0,0,0,45.6376,45.6376,51.1051,51.1051,0,14.2707
2.938,0,41.958,41.958,41.8023,41.8023,0,0,0,0,45.6376,45.6376,51.1051,51.1051,0,14.2523
2.94,0,41.7933,41.7933,41.6387,41.6387,0,0,0,0,45.6376,45.6376,51.1051,51.1051,0,14.2338
2.942,0,41.7933,41.7933,41.6387,41.6387,0,0,0,0,45.6376,45.6376,51.1051,51.1051,0,14.2154
2.944,0,41.7933,41.7933,41.6387,41.6387,0,0,0,0,45.6376,45.6376,51.1052,51.1052,0,14.1969
2.946,0,41.7933,41.7933,41.6387,41.6387,0,0,0,0,45.6376,45.6376,51.1052,51.1052,0,14.1785
2.948,0,41.7933,41.7933,41.6387,41.6387,0,0,0,0,45.6375,45.6375,51.1052,51.1052,0,14.16
2.95,0,41.4855,41.4855,41.3318,41.3318,0,0,0,0,45.6375,45.6375,51.1052,51.1052,0,14.1415
2.952,0,41.4855,41.4855,41.3318,41.3318,0,0,0,0,45.6375,45.6375,51.1052,51.1052,0,14.1231
2.954,0,41.4855,41.4855,41.3318,41.3318,0,0,0,0,45.6375,45.6375,51.1052,51.1052,0,14.1046
2.956,0,41.4855,41.4855,41.3318,41.3318,0,0,0,0,45.6375,45.6375,51.1053,51.1053,0,14.0862
2.958,0,41.4855,41.4855,41.3318,41.3318,0,0,0,0,45.6375,45.6375,51.1053,51.1053,0,14.0677
2.96,0,41.0326,41.0326,40.88,40.88,0,0,0,0,45.6375,45.6375,51.1053,51.1053,0,14.0493
2.962,0,41.0326,41.0326,40.88,40.88,0,0,0,0,45.6375,45.6375,51.1053,51.1053,0,14.0308
2.964,0,41.0326,41.0326,40.88,40.88,0,0,0,0,45.6375,45.6375,51.1053,51.1053,0,14.0124
2.966,0,41.0326,41.0326,40.88,40.88,0,0,0,0,45.6375,45.6375,51.1053,51.1053,0,13.9939
2.968,0,41.0326,41.0326,40.88,40.88,0,0,0,0,45.6375,45.6375,51.1053,51.1053,0,13.9755
2.97,0,40.696,40.696,40.5444,40.5444,0,0,0,0,45.6374,45.6374,51.1054,51.1054,0,13.957
2.972,0,40.696,40.696,40.5444,40.5444,0,0,0,0,45.6374,45.6374,51.1054,51.1054,0,13.9385
2.974,0,40.696,40.696,40.5444,40.5444,0,0,0,0,45.6374,45.6374,51.1054,51.1054,0,13.9201
2.976,0,40.696,40.696,40.5444,40.5444,0,0,0,0,45.6374,45.6374,51.1054,51.1054,0,13.9016
2.978,0,40.696,40.696,40.5444,40.5444,0,0,0,0,45.6374,45.6374,51.1054,51.1054,0,13.8832
2.98,0,40.5737,40.5737,40.4231,40.4231,0,0,0,0,45.6374,45.6374,51.1054,51.1054,0,13.8647
2.982,0,40.5737,40.5737,40.4231,40.4231,0,0,0,0,45.6374,45.6374,51.1054,51.1054,0,13.8463
2.984,0,40.5737,40.5737,40.4231,40.4231,0,0,0,0,45.6374,45.6374,51.1055,51.1055,0,13.8278
2.986,0,40.5737,40.5737,40.4231,40.4231,0,0,0,0,45.6374,45.6374,51.1055,51.1055,0,13.8094
2.988,0,40.5737,40.5737,40.4231,40.4231,0,0,0,0,45.6374,45.6374,51.1055,51.1055,0,13.7909
2.99,0,40.4014,40.4014,40.2518,40.2518,0,0,0,0,45.6373,45.6373,51.1055,51.1055,0,13.7725
2.992,0,40.4014,40.4014,40.2518,40.2518,0,0,0,0,45.6373,45.6373,51.1055,51.1055,0,13.754
2.994,0,40.4014,40.4014,40.2518,40.2518,0,0,0,0,45.6373,45.6373,51.1055,51.1055,0,13.7355
2.996,0,40.4014,40.4014,40.2518,40.2518,0,0,0,0,45.6373,45.6373,51.1055,51.1055,0,13.7171
2.998,0,40.4014,40.4014,40.2518,40.2518,0,0,0,0,45.6373,45.6373,51.1056,51.1056,0,13.6986
3,0,39.8901,39.8901,39.7415,39.7415,0,0,0,0,45.6373,45.6373,51.1056,51.1056,0,13.6802
3.002,0,39.8901,39.8901,39.7415,39.7415,0,0,0,0,45.6373,45.6373,51.1056,51.1056,0,13.6617
3.004,0,39.8901,39.8901,39.7415,39.7415,0,0,0,0,45.6373,45.6373,51.1056,51.1056,0,13.6433
3.006,0,39.8901,39.8901,39.7415,39.7415,0,0,0,0,45.6373,45.6373,51.1056,51.1056,0,13.6248
3.008,0,39.8901,39.8901,39.7415,39.7415,0,0,0,0,45.6373,45.6373,51.1056,51.1056,0,13.6064
3.01,0,39.8182,39.8182,39.6706,39.6706,0,0,0,0,45.6373,45.6373,51.1056,51.1056,0,13.5879
3.012,0,39.8182,39.8182,39.6706,39.6706,0,0,0,0,45.6372,45.6372,51.1057,51.1057,0,13.5695
3.014,0,39.8182,39.8182,39.6706,39.6706,0,0,0,0,45.6372,45.6372,51.1057,51.1057,0,13.551
3.016,0,39.8182,39.8182,39.6706,39.6706,0,0,0,0,45.6372,45.6372,51.1057,51.1057,0,13.5326
3.018,0,39.8182,39.8182,39.6706,39.6706,0,0,0,0,45.6372,45.6372,51.1057,51.1057,0,13.5141
3.02,0,39.417,39.417,39.2704,39.2704,0,0,0,0,45.6372,45.6372,51.1057,51.1057,0,13.4956
3.022,0,39.417,39.417,39.2704,39.2704,0,0,0,0,45.6372,45.6372,51.1057,51.1057,0,13.4772
3.024,0,39.417,39.417,39.2704,39.2704,0,0,0,0,45.6372,45.6372,51.1057,51.1057,0,13.4587
3.026,0,39.417,39.417,39.2704,39.2704,0,0,0,0,45.6372,45.6372,51.1058,51.1058,0,13.4403
3.028,0,39.417,39.417,39.2704,39.2704,0,0,0,0,45.6372,45.6372,51.1058,51.1058,0,13.4218
3.03,0,39.31,39.31,39.1644,39.1644,0,0,0,0,45.6372,45.6372,51.1058,51.1058,0,13.4034
3.032,0,39.31,39.31,39.1644,39.1644,0,0,0,0,45.6372,45.6372,51.1058,51.1058,0,13.3849
3.034,0,39.31,39.31,39.1644,39.1644,0,0,0,0,45.6371,45.6371,51.1058,51.1058,0,13.3665
3.036,0,39.31,39.31,39.1644,39.1644,0,0,0,0,45.6371,45.6371,51.1058,51.1058,0,13.348
3.038,0,39.31,39.31,39.1644,39.1644,0,0,0,0,45.6371,45.6371,51.1058,51.1058,0,13.3296
3.04,0,39.2076,39.2076,39.0629,39.0629,0,0,0,0,45.6371,45.6371,51.1059,51.1059,0,13.3111
3.042,0,39.2076,39.2076,39.0629,39.0629,0,0,0,0,45.6371,45.6371,51.1059,51.1059,0,13.2927
3.044,0,39.2076,39.2076,39.0629,39.0629,0,0,0,0,45.6371,45.6371,51.1059,51.1059,0,13.2742
3.046,0,39.2076,39.2076,39.0629,39.0629,0,0,0,0,45.6371,45.6371,51.1059,51.1059,0,13.2557
3.048,0,39.2076,39.2076,39.0629,39.0629,0,0,0,0,45.6371,45.6371,51.1059,51.1059,0,13.2373
3.05,0,38.6732,38.6732,38.5296,38.5296,0,0,0,0,45.6371,45.6371,51.1059,51.1059,0,13.2188
3.052,0,38.6732,38.6732,38.5296,38.5296,0,0,0,0,45.6371,45.6371,51.1059,51.1059,0,13.2004
3.054,0,38.6732,38.6732,38.5296,38.5296,0,0,0,0,45.6371,45.6371,51.106,51.106,0,13.1819
3.056,0,38.6732,38.6732,38.5296,38.5296,0,0,0,0,45.637,45.637,51.106,51.106,0,13.1635
3.058,0,38.6732,38.6732,38.5296,38.5296,0,0,0,0,45.637,45.637,51.106,51.106,0,13.145
3.06,0,38.3391,38.3391,38.1965,38.1965,0,0,0,0,45.637,45.637,51.106,51.106,0,13.1266
3.062,0,38.3391,38.3391,38.1965,38.1965,0,0,0,0,45.637,45.637,51.106,51.106,0,13.1081
3.064,0,38.3391,38.3391,38.1965,38.1965,0,0,0,0,45.637,45.637,51.106,51.106,0,13.0897
3.066,0,38.3391,38.3391,38.1965,38.1965,0,0,0,0,45.637,45.637,51.106,51.106,0,13.0712
3.068,0,38.3391,38.3391,38.1965,38.1965,0,0,0,0,45.637,45.637,51.1061,51.1061,0,13.0528
3.07,0,38.0751,38.0751,37.9335,37.9335,0,0,0,0,45.637,45.637,51.1061,51.1061,0,13.0343
3.072,0,38.0751,38.0751,37.9335,37.9335,0,0,0,0,45.637,45.637,51.1061,51.1061,0,13.0158
3.074,0,38.0751,38.0751,37.9335,37.9335,0,0,0,0,45.637,45.637,51.1061,51.1061,0,12.9974
3.076,0,38.0751,38.0751,37.9335,37.9335,0,0,0,0,45.637,45.637,51.1061,51.1061,0,12.9789
3.078,0,38.0751,38.0751,37.9335,37.9335,0,0,0,0,45.6369,45.6369,51.1061,51.1061,0,12.9605
3.08,0,37.8855,37.8855,37.7449,37.7449,0,0,0,0,45.6369,45.6369,51.1061,51.1061,0,12.942
3.082,0,37.8855,37.8855,37.7449,37.7449,0,0,0,0,45.6369,45.6369,51.1062,51.1062,0,12.9236
3.084,0,37.8855,37.8855,37.7449,37.7449,0,0,0,0,45.6369,45.6369,51.1062,51.1062,0,12.9051
3.086,0,37.8855,37.8855,37.7449,37.7449,0,0,0,0,45.6369,45.6369,51.1062,51.1062,0,12.8867
3.088,0,37.8855,37.8855,37.7449,37.7449,0,0,0,0,45.6369,45.6369,51.1062,51.1062,0,12.8682
3.09,0,37.6419,37.6419,37.5023,37.5023,0,0,0,0,45.6369,45.6369,51.1062,51.1062,0,12.8498
3.092,0,37.6419,37.6419,37.5023,37.5023,0,0,0,0,45.6369,45.6369,51.1062,51.1062,0,12.8313
3.094,0,37.6419,37.6419,37.5023,37.5023,0,0,0,0,45.6369,45.6369,51.1062,51.1062,0,12.8129
3.096,0,37.6419,37.6419,37.5023,37.5023,0,0,0,0,45.6369,45.6369,51.1063,51.1063,0,12.7944
3.098,0,37.6419,37.6419,37.5023,37.5023,0,0,0,0,45.6369,45.6369,51.1063,51.1063,0,12.7759
3.1,0,37.2383,37.2383,37.0997,37.0997,0,0,0,0,45.6368,45.6368,51.1063,51.1063,0,12.7575
3.102,0,37.2383,37.2383,37.0997,37.0997,0,0,0,0,45.6368,45.6368,51.1063,51.1063,0,12.739
3.104,0,37.2383,37.2383,37.0997,37.0997,0,0,0,0,45.6368,45.6368,51.1063,51.1063,0,12.7206
3.106,0,37.2383,37.2383,37.0997,37.0997,0,0,0,0,45.6368,45.6368,51.1063,51.1063,0,12.7021
3.108,0,37.2383,37.2383,37.0997,37.0997,0,0,0,0,45.6368,45.6368,51.1063,51.1063,0,12.6837
3.11,0,37.1093,37.1093,36.9717,36.9717,0,0,0,0,45.6368,45.6368,51.1064,51.1064,0,12.6652
3.112,0,37.1093,37.1093,36.9717,36.9717,0,0,0,0,45.6368,45.6368,51.1064,51.1064,0,12.6468
3.114,0,37.1093,37.1093,36.9717,36.9717,0,0,0,0,45.6368,45.6368,51.1064,51.1064,0,12.6283
3.116,0,37.1093,37.1093,36.9717,36.9717,0,0,0,0,45.6368,45.6368,51.1064,51.1064,0,12.6099
3.118,0,37.1093,37.1093,36.9717,36.9717,0,0,0,0,45.6368,45.6368,51.1064,51.1064,0,12.5914
3.12,0,36.7584,36.7584,36.6218,36.6218,0,0,0,0,45.6368,45.6368,51.1064,51.1064,0,12.573
3.122,0,36.7584,36.7584,36.6218,36.6218,0,0,0,0,45.6368,45.6368,51.1064,51.1064,0,12.5545
3.124,0,36.7584,36.7584,36.6218,36.6218,0,0,0,0,45.6367,45.6367,51.1065,51.1065,0,12.5361
3.126,0,36.7584,36.7584,36.6218,36.6218,0,0,0,0,45.6367,45.6367,51.1065,51.1065,0,12.5176
3.128,0,36.7584,36.7584,36.6218,36.6218,0,0,0,0,45.6367,45.6367,51.1065,51.1065,0,12.4991
3.13,0,36.5849,36.5849,36.4494,36.4494,0,0,0,0,45.6367,45.6367,51.1065,51.1065,0,12.4807
3.132,0,36.5849,36.5849,36.4494,36.4494,0,0,0,0,45.6367,45.6367,51.1065,51.1065,0,12.4622
3.134,0,36.5849,36.5849,36.4494,36.4494,0,0,0,0,45.6367,45.6367,51.1065,51.1065,0,12.4438
3.136,0,36.5849,36.5849,36.4494,36.4494,0,0,0,0,45.6367,45.6367,51.1065,51.1065,0,12.4253
3.138,0,36.5849,36.5849,36.4494,36.4494,0,0,0,0,45.6367,45.6367,51.1065,51.1065,0,12.4069
3.14,0,36.3078,36.3078,36.1732,36.1732,0,0,0,0,45.6367,45.6367,51.1066,51.1066,0,12.3884
3.142,0,36.3078,36.3078,36.1732,36.1732,0,0,0,0,45.6367,45.6367,51.1066,51.1066,0,12.37
3.144,0,36.3078,36.3078,36.1732,36.1732,0,0,0,0,45.6367,45.6367,51.1066,51.1066,0,12.3515
3.146,0,36.3078,36.3078,36.1732,36.1732,0,0,0,0,45.6366,45.6366,51.1066,51.1066,0,12.3331
3.148,0,36.3078,36.3078,36.1732,36.1732,0,0,0,0,45.6366,45.6366,51.1066,51.1066,0,12.3146
3.15,0,35.9099,35.9099,35.7764,35.7764,0,0,0,0,45.6366,45.6366,51.1066,51.1066,0,12.2962
3.152,0,35.9099,35.9099,35.7764,35.7764,0,0,0,0,45.6366,45.6366,51.1066,51.1066,0,12.2777
3.154,0,35.9099,35.9099,35.7764,35.7764,0,0,0,0,45.6366,45.6366,51.1067,51.1067,0,12.2593
3.156,0,35.9099,35.9099,35.7764,35.7764,0,0,0,0,45.6366,45.6366,51.1067,51.1067,0,12.2408
3.158,0,35.9099,35.9099,35.7764,35.7764,0,0,0,0,45.6366,45.6366,51.1067,51.1067,0,12.2223
3.16,0,35.6031,35.6031,35.4705,35.4705,0,0,0,0,45.6366,45.6366,51.1067,51.1067,0,12.2039
3.162,0,35.6031,35.6031,35.4705,35.4705,0,0,0,0,45.6366,45.6366,51.1067,51.1067,0,12.1854
3.164,0,35.6031,35.6031,35.4705,35.4705,0,0,0,0,45.6366,45.6366,51.1067,51.1067,0,12.167
3.166,0,35.6031,35.6031,35.4705,35.4705,0,0,0,0,45.6366,45.6366,51.1067,51.1067,0,12.1485
3.168,0,35.6031,35.6031,35.4705,35.4705,0,0,0,0,45.6366,45.6366,51.1068,51.1068,0,12.1301
3.17,0,35.4338,35.4338,35.3022,35.3022,0,0,0,0,45.6365,45.6365,51.1068,51.1068,0,12.1116
3.172,0,35.4338,35.4338,35.3022,35.3022,0,0,0,0,45.6365,45.6365,51.1068,51.1068,0,12.0932
3.174,0,35.4338,35.4338,35.3022,35.3022,0,0,0,0,45.6365,45.6365,51.1068,51.1068,0,12.0747
3.176,0,35.4338,35.4338,35.3022,35.3022,0,0,0,0,45.6365,45.6365,51.1068,51.1068,0,12.0563
3.178,0,35.4338,35.4338,35.3022,35.3022,0,0,0,0,45.6365,45.6365,51.1068,51.1068,0,12.0378
3.18,0,35.1017,35.1017,34.9711,34.9711,0,0,0,0,45.6365,45.6365,51.1068,51.1068,0,12.0194
3.182,0,35.1017,35.1017,34.9711,34.9711,0,0,0,0,45.6365,45.6365,51.1069,51.1069,0,12.0009
3.184,0,35.1017,35.1017,34.9711,34.9711,0,0,0,0,45.6365,45.6365,51.1069,51.1069,0,11.9825
3.186,0,35.1017,35.1017,34.9711,34.9711,0,0,0,0,45.6365,45.6365,51.1069,51.1069,0,11.964
3.188,0,35.1017,35.1017,34.9711,34.9711,0,0,0,0,45.6365,45.6365,51.1069,51.1069,0,11.9455
3.19,0,34.8038,34.8038,34.6742,34.6742,0,0,0,0,45.6365,45.6365,51.1069,51.1069,0,11.9271
3.192,0,34.8038,34.8038,34.6742,34.6742,0,0,0,0,45.6364,45.6364,51.1069,51.1069,0,11.9086
3.194,0,34.8038,34.8038,34.6742,34.6742,0,0,0,0,45.6364,45.6364,51.1069,51.1069,0,11.8902
3.196,0,34.8038,34.8038,34.6742,34.6742,0,0,0,0,45.6364,45.6364,51.1069,51.1069,0,11.8717
3.198,0,34.8038,34.8038,34.6742,34.6742,0,0,0,0,45.6364,45.6364,51.107,51.107,0,11.8533
3.2,0,34.5749,34.5749,34.4464,34.4464,0,0,0,0,45.6364,45.6364,51.107,51.107,0,11.8348
3.202,0,34.5749,34.5749,34.4464,34.4464,0,0,0,0,45.6364,45.6364,51.107,51.107,0,11.8164
3.204,0,34.5749,34.5749,34.4464,34.4464,0,0,0,0,45.6364,45.6364,51.107,51.107,0,11.7979
3.206,0,34.5749,34.5749,34.4464,34.4464,0,0,0,0,45.6364,45.6364,51.107,51.107,0,11.7795
3.208,0,34.5749,34.5749,34.4464,34.4464,0,0,0,0,45.6364,45.6364,51.107,51.107,0,11.761
3.21,0,34.3889,34.3889,34.2614,34.2614,0,0,0,0,45.6364,45.6364,51.107,51.107,0,11.7426
3.212,0,34.3889,34.3889,34.2614,34.2614,0,0,0,0,45.6364,45.6364,51.1071,51.1071,0,11.7241
3.214,0,34.3889,34.3889,34.2614,34.2614,0,0,0,0,45.6364,45.6364,51.1071,51.1071,0,11.7057
3.216,0,34.3889,34.3889,34.2614,34.2614,0,0,0,0,45.6363,45.6363,51.1071,51.1071,0,11.6872
3.218,0,34.3889,34.3889,34.2614,34.2614,0,0,0,0,45.6363,45.6363,51.1071,51.1071,0,11.6688
3.22,0,34.1847,34.1847,34.0581,34.0581,0,0,0,0,45.6363,45.6363,51.1071,51.1071,0,11.6503
3.222,0,34.1847,34.1847,34.0581,34.0581,0,0,0,0,45.6363,45.6363,51.1071,51.1071,0,11.6318
3.224,0,34.1847,34.1847,34.0581,34.0581,0,0,0,0,45.6363,45.6363,51.1071,51.1071,0,11.6134
3.226,0,34.1847,34.1847,34.0581,34.0581,0,0,0,0,45.6363,45.6363,51.1071,51.1071,0,11.5949
3.228,0,34.1847,34.1847,34.0581,34.0581,0,0,0,0,45.6363,45.6363,51.1072,51.1072,0,11.5765
3.23,0,33.9617,33.9617,33.8362,33.8362,0,0,0,0,45.6363,45.6363,51.1072,51.1072,0,11.558
3.232,0,33.9617,33.9617,33.8362,33.8362,0,0,0,0,45.6363,45.6363,51.1072,51.1072,0,11.5396
3.234,0,33.9617,33.9617,33.8362,33.8362,0,0,0,0,45.6363,45.6363,51.1072,51.1072,0,11.5211
3.236,0,33.9617,33.9617,33.8362,33.8362,0,0,0,0,45.6363,45.6363,51.1072,51.1072,0,11.5027
3.238,0,33.9617,33.9617,33.8362,33.8362,0,0,0,0,45.6363,45.6363,51.1072,51.1072,0,11.4842
3.24,0,33.7787,33.7787,33.6542,33.6542,0,0,0,0,45.6362,45.6362,51.1072,51.1072,0,11.4658
3.242,0,33.7787,33.7787,33.6542,33.6542,0,0,0,0,45.6362,45.6362,51.1073,51.1073,0,11.4473
3.244,0,33.7787,33.7787,33.6542,33.6542,0,0,0,0,45.6362,45.6362,51.1073,51.1073,0,11.4289
3.246,0,33.7787,33.7787,33.6542,33.6542,0,0,0,0,45.6362,45.6362,51.1073,51.1073,0,11.4104
3.248,0,33.7787,33.7787,33.6542,33.6542,0,0,0,0,45.6362,45.6362,51.1073,51.1073,0,11.392
3.25,0,33.1578,33.1578,33.0342,33.0342,0,0,0,0,45.6362,45.6362,51.1073,51.1073,0,11.3735
3.252,0,33.1578,33.1578,33.0342,33.0342,0,0,0,0,45.6362,45.6362,51.1073,51.1073,0,11.3551
3.254,0,33.1578,33.1578,33.0342,33.0342,0,0,0,0,45.6362,45.6362,51.1073,51.1073,0,11.3366
3.256,0,33.1578,33.1578,33.0342,33.0342,0,0,0,0,45.6362,45.6362,51.1073,51.1073,0,11.3181
3.258,0,33.1578,33.1578,33.0342,33.0342,0,0,0,0,45.6362,45.6362,51.1074,51.1074,0,11.2997
3.26,0,32.9793,32.9793,32.8568,32.8568,0,0,0,0,45.6362,45.6362,51.1074,51.1074,0,11.2812
3.262,0,32.9793,32.9793,32.8568,32.8568,0,0,0,0,45.6361,45.6361,51.1074,51.1074,0,11.2628
3.264,0,32.9793,32.9793,32.8568,32.8568,0,0,0,0,45.6361,45.6361,51.1074,51.1074,0,11.2443
3.266,0,32.9793,32.9793,32.8568,32.8568,0,0,0,0,45.6361,45.6361,51.1074,51.1074,0,11.2259
3.268,0,32.9793,32.9793,32.8568,32.8568,0,0,0,0,45.6361,45.6361,51.1074,51.1074,0,11.2074
3.27,0,32.6905,32.6905,32.569,32.569,0,0,0,0,45.6361,45.6361,51.1074,51.1074,0,11.189
3.272,0,32.6905,32.6905,32.569,32.569,0,0,0,0,45.6361,45.6361,51.1075,51.1075,0,11.1705
3.274,0,32.6905,32.6905,32.569,32.569,0,0,0,0,45.6361,45.6361,51.1075,51.1075,0,11.1521
3.276,0,32.6905,32.6905,32.569,32.569,0,0,0,0,45.6361,45.6361,51.1075,51.1075,0,11.1336
3.278,0,32.6905,32.6905,32.569,32.569,0,0,0,0,45.6361,45.6361,51.1075,51.1075,0,11.1152
3.28,0,32.444,32.444,32.3235,32.3235,0,0,0,0,45.6361,45.6361,51.1075,51.1075,0,11.0967
3.282,0,32.444,32.444,32.3235,32.3235,0,0,0,0,45.6361,45.6361,51.1075,51.1075,0,11.0783
3.284,0,32.444,32.444,32.3235,32.3235,0,0,0,0,45.6361,45.6361,51.1075,51.1075,0,11.0598
3.286,0,32.444,32.444,32.3235,32.3235,0,0,0,0,45.636,45.636,51.1075,51.1075,0,11.0414
3.288,0,32.444,32.444,32.3235,32.3235,0,0,0,0,45.636,45.636,51.1076,51.1076,0,11.0229
3.29,0,32.0927,32.0927,31.9732,31.9732,0,0,0,0,45.636,45.636,51.1076,51.1076,0,11.0045
3.292,0,32.0927,32.0927,31.9732,31.9732,0,0,0,0,45.636,45.636,51.1076,51.1076,0,10.986
3.294,0,32.0927,32.0927,31.9732,31.9732,0,0,0,0,45.636,45.636,51.1076,51.1076,0,10.9675
3.296,0,32.0927,32.0927,31.9732,31.9732,0,0,0,0,45.636,45.636,51.1076,51.1076,0,10.9491
3.298,0,32.0927,32.0927,31.9732,31.9732,0,0,0,0,45.636,45.636,51.1076,51.1076,0,10.9306
3.3,0,31.9163,31.9163,31.7977,31.7977,0,0,0,0,45.636,45.636,51.1076,51.1076,0,10.9122
3.302,0,31.9163,31.9163,31.7977,31.7977,0,0,0,0,45.636,45.636,51.1077,51.1077,0,10.8937
3.304,0,31.9163,31.9163,31.7977,31.7977,0,0,0,0,45.636,45.636,51.1077,51.1077,0,10.8753
3.306,0,31.9163,31.9163,31.7977,31.7977,0,0,0,0,45.636,45.636,51.1077,51.1077,0,10.8568
3.308,0,31.9163,31.9163,31.7977,31.7977,0,0,0,0,45.636,45.636,51.1077,51.1077,0,10.8384
3.31,0,31.5904,31.5904,31.4729,31.4729,0,0,0,0,45.6359,45.6359,51.1077,51.1077,0,10.8199
3.312,0,31.5904,31.5904,31.4729,31.4729,0,0,0,0,45.6359,45.6359,51.1077,51.1077,0,10.8015
3.314,0,31.5904,31.5904,31.4729,31.4729,0,0,0,0,45.6359,45.6359,51.1077,51.1077,0,10.783
3.316,0,31.5904,31.5904,31.4729,31.4729,0,0,0,0,45.6359,45.6359,51.1077,51.1077,0,10.7646
3.318,0,31.5904,31.5904,31.4729,31.4729,0,0,0,0,45.6359,45.6359,51.1078,51.1078,0,10.7461
3.32,0,31.5057,31.5057,31.3892,31.3892,0,0,0,0,45.6359,45.6359,51.1078,51.1078,0,10.7277
3.322,0,31.5057,31.5057,31.3892,31.3892,0,0,0,0,45.6359,45.6359,51.1078,51.1078,0,10.7092
3.324,0,31.5057,31.5057,31.3892,31.3892,0,0,0,0,45.6359,45.6359,51.1078,51.1078,0,10.6908
3.326,0,31.5057,31.5057,31.3892,31.3892,0,0,0,0,45.6359,45.6359,51.1078,51.1078,0,10.6723
3.328,0,31.5057,31.5057,31.3892,31.3892,0,0,0,0,45.6359,45.6359,51.1078,51.1078,0,10.6539
3.33,0,31.0885,31.0885,30.973,30.973,0,0,0,0,45.6359,45.6359,51.1078,51.1078,0,10.6354
3.332,0,31.0885,31.0885,30.973,30.973,0,0,0,0,45.6359,45.6359,51.1078,51.1078,0,10.617
3.334,0,31.0885,31.0885,30.973,30.973,0,0,0,0,45.6358,45.6358,51.1079,51.1079,0,10.5985
3.336,0,31.0885,31.0885,30.973,30.973,0,0,0,0,45.6358,45.6358,51.1079,51.1079,0,10.58
3.338,0,31.0885,31.0885,30.973,30.973,0,0,0,0,45.6358,45.6358,51.1079,51.1079,0,10.5616
3.34,0,30.7478,30.7478,30.6333,30.6333,0,0,0,0,45.6358,45.6358,51.1079,51.1079,0,10.5431
3.342,0,30.7478,30.7478,30.6333,30.6333,0,0,0,0,45.6358,45.6358,51.1079,51.1079,0,10.5247
3.344,0,30.7478,30.7478,30.6333,30.6333,0,0,0,0,45.6358,45.6358,51.1079,51.1079,0,10.5062
3.346,0,30.7478,30.7478,30.6333,30.6333,0,0,0,0,45.6358,45.6358,51.1079,51.1079,0,10.4878
3.348,0,30.7478,30.7478,30.6333,30.6333,0,0,0,0,45.6358,45.6358,51.108,51.108,0,10.4693
3.35,0,30.4818,30.4818,30.3683,30.3683,0,0,0,0,45.6358,45.6358,51.108,51.108,0,10.4509
3.352,0,30.4818,30.4818,30.3683,30.3683,0,0,0,0,45.6358,45.6358,51.108,51.108,0,10.4324
3.354,0,30.4818,30.4818,30.3683,30.3683,0,0,0,0,45.6358,45.6358,51.108,51.108,0,10.414
3.356,0,30.4818,30.4818,30.3683,30.3683,0,0,0,0,45.6358,45.6358,51.108,51.108,0,10.3955
3.358,0,30.4818,30.4818,30.3683,30.3683,0,0,0,0,45.6357,45.6357,51.108,51.108,0,10.3771
3.36,0,30.3501,30.3501,30.2376,30.2376,0,0,0,0,45.6357,45.6357,51.108,51.108,0,10.3586
3.362,0,30.3501,30.3501,30.2376,30.2376,0,0,0,0,45.6357,45.6357,51.108,51.108,0,10.3402
3.364,0,30.3501,30.3501,30.2376,30.2376,0,0,0,0,45.6357,45.6357,51.1081,51.1081,0,10.3217
3.366,0,30.3501,30.3501,30.2376,30.2376,0,0,0,0,45.6357,45.6357,51.1081,51.1081,0,10.3033
3.368,0,30.3501,30.3501,30.2376,30.2376,0,0,0,0,45.6357,45.6357,51.1081,51.1081,0,10.2848
3.37,0,30.1412,30.1412,30.0297,30.0297,0,0,0,0,45.6357,45.6357,51.1081,51.1081,0,10.2664
3.372,0,30.1412,30.1412,30.0297,30.0297,0,0,0,0,45.6357,45.6357,51.1081,51.1081,0,10.2479
3.374,0,30.1412,30.1412,30.0297,30.0297,0,0,0,0,45.6357,45.6357,51.1081,51.1081,0,10.2295
3.376,0,30.1412,30.1412,30.0297,30.0297,0,0,0,0,45.6357,45.6357,51.1081,51.1081,0,10.211
3.378,0,30.1412,30.1412,30.0297,30.0297,0,0,0,0,45.6357,45.6357,51.1081,51.1081,0,10.1926
3.38,0,29.7656,29.7656,29.6551,29.6551,0,0,0,0,45.6357,45.6357,51.1082,51.1082,0,10.1741
3.382,0,29.7656,29.7656,29.6551,29.6551,0,0,0,0,45.6357,45.6357,51.1082,51.1082,0,10.1556
3.384,0,29.7656,29.7656,29.6551,29.6551,0,0,0,0,45.6356,45.6356,51.1082,51.1082,0,10.1372
3.386,0,29.7656,29.7656,29.6551,29.6551,0,0,0,0,45.6356,45.6356,51.1082,51.1082,0,10.1187
3.388,0,29.7656,29.7656,29.6551,29.6551,0,0,0,0,45.6356,45.6356,51.1082,51.1082,0,10.1003
3.39,0,29.3406,29.3406,29.2311,29.2311,0,0,0,0,45.6356,45.6356,51.1082,51.1082,0,10.0818
3.392,0,29.3406,29.3406,29.2311,29.2311,0,0,0,0,45.6356,45.6356,51.1082,51.1082,0,10.0634
3.394,0,29.3406,29.3406,29.2311,29.2311,0,0,0,0,45.6356,45.6356,51.1082,51.1082,0,10.0449
3.396,0,29.3406,29.3406,29.2311,29.2311,0,0,0,0,45.6356,45.6356,51.1083,51.1083,0,10.0265
3.398,0,29.3406,29.3406,29.2311,29.2311,0,0,0,0,45.6356,45.6356,51.1083,51.1083,0,10.008
3.4,0,29.278,29.278,29.1695,29.1695,0,0,0,0,45.6356,45.6356,51.1083,51.1083,0,9.9896
3.402,0,29.278,29.278,29.1695,29.1695,0,0,0,0,45.6356,45.6356,51.1083,51.1083,0,9.9711
3.404,0,29.278,29.278,29.1695,29.1695,0,0,0,0,45.6356,45.6356,51.1083,51.1083,0,9.9527
3.406,0,29.278,29.278,29.1695,29.1695,0,0,0,0,45.6356,45.6356,51.1083,51.1083,0,9.9342
3.408,0,29.278,29.278,29.1695,29.1695,0,0,0,0,45.6355,45.6355,51.1083,51.1083,0,9.9158
3.41,0,28.938,28.938,28.8305,28.8305,0,0,0,0,45.6355,45.6355,51.1084,51.1084,0,9.8973
3.412,0,28.938,28.938,28.8305,28.8305,0,0,0,0,45.6355,45.6355,51.1084,51.1084,0,9.8789
3.414,0,28.938,28.938,28.8305,28.8305,0,0,0,0,45.6355,45.6355,51.1084,51.1084,0,9.8604
3.416,0,28.938,28.938,28.8305,28.8305,0,0,0,0,45.6355,45.6355,51.1084,51.1084,0,9.842
3.418,0,28.938,28.938,28.8305,28.8305,0,0,0,0,45.6355,45.6355,51.1084,51.1084,0,9.8235
3.42,0,28.6402,28.6402,28.5337,28.5337,0,0,0,0,45.6355,45.6355,51.1084,51.1084,0,9.8051
3.422,0,28.6402,28.6402,28.5337,28.5337,0,0,0,0,45.6355,45.6355,51.1084,51.1084,0,9.7866
3.424,0,28.6402,28.6402,28.5337,28.5337,0,0,0,0,45.6355,45.6355,51.1084,51.1084,0,9.7682
3.426,0,28.6402,28.6402,28.5337,28.5337,0,0,0,0,45.6355,45.6355,51.1085,51.1085,0,9.7497
3.428,0,28.6402,28.6402,28.5337,28.5337,0,0,0,0,45.6355,45.6355,51.1085,51.1085,0,9.7313
3.43,0,28.4,28.4,28.2945,28.2945,0,0,0,0,45.6355,45.6355,51.1085,51.1085,0,9.7128
3.432,0,28.4,28.4,28.2945,28.2945,0,0,0,0,45.6354,45.6354,51.1085,51.1085,0,9.6943
3.434,0,28.4,28.4,28.2945,28.2945,0,0,0,0,45.6354,45.6354,51.1085,51.1085,0,9.6759
3.436,0,28.4,28.4,28.2945,28.2945,0,0,0,0,45.6354,45.6354,51.1085,51.1085,0,9.6574
3.438,0,28.4,28.4,28.2945,28.2945,0,0,0,0,45.6354,45.6354,51.1085,51.1085,0,9.639
3.44,0,28.1111,28.1111,28.0066,28.0066,0,0,0,0,45.6354,45.6354,51.1085,51.1085,0,9.6205
3.442,0,28.1111,28.1111,28.0066,28.0066,0,0,0,0,45.6354,45.6354,51.1086,51.1086,0,9.6021
3.444,0,28.1111,28.1111,28.0066,28.0066,0,0,0,0,45.6354,45.6354,51.1086,51.1086,0,9.5836
3.446,0,28.1111,28.1111,28.0066,28.0066,0,0,0,0,45.6354,45.6354,51.1086,51.1086,0,9.5652
3.448,0,28.1111,28.1111,28.0066,28.0066,0,0,0,0,45.6354,45.6354,51.1086,51.1086,0,9.5467
3.45,0,27.8913,27.8913,27.7878,27.7878,0,0,0,0,45.6354,45.6354,51.1086,51.1086,0,9.5283
3.452,0,27.8913,27.8913,27.7878,27.7878,0,0,0,0,45.6354,45.6354,51.1086,51.1086,0,9.5098
3.454,0,27.8913,27.8913,27.7878,27.7878,0,0,0,0,45.6354,45.6354,51.1086,51.1086,0,9.4914
3.456,0,27.8913,27.8913,27.7878,27.7878,0,0,0,0,45.6354,45.6354,51.1086,51.1086,0,9.4729
3.458,0,27.8913,27.8913,27.7878,27.7878,0,0,0,0,45.6353,45.6353,51.1087,51.1087,0,9.4545
3.46,0,27.6292,27.6292,27.5267,27.5267,0,0,0,0,45.6353,45.6353,51.1087,51.1087,0,9.436
3.462,0,27.6292,27.6292,27.5267,27.5267,0,0,0,0,45.6353,45.6353,51.1087,51.1087,0,9.4176
3.464,0,27.6292,27.6292,27.5267,27.5267,0,0,0,0,45.6353,45.6353,51.1087,51.1087,0,9.3991
3.466,0,27.6292,27.6292,27.5267,27.5267,0,0,0,0,45.6353,45.6353,51.1087,51.1087,0,9.3807
3.468,0,27.6292,27.6292,27.5267,27.5267,0,0,0,0,45.6353,45.6353,51.1087,51.1087,0,9.3622
3.47,0,27.4227,27.4227,27.3212,27.3212,0,0,0,0,45.6353,45.6353,51.1087,51.1087,0,9.3438
3.472,0,27.4227,27.4227,27.3212,27.3212,0,0,0,0,45.6353,45.6353,51.1087,51.1087,0,9.3253
3.474,0,27.4227,27.4227,27.3212,27.3212,0,0,0,0,45.6353,45.6353,51.1088,51.1088,0,9.3069
3.476,0,27.4227,27.4227,27.3212,27.3212,0,0,0,0,45.6353,45.6353,51.1088,51.1088,0,9.2884
3.478,0,27.4227,27.4227,27.3212,27.3212,0,0,0,0,45.6353,45.6353,51.1088,51.1088,0,9.27
3.48,0,27.0721,27.0721,26.9716,26.9716,0,0,0,0,45.6353,45.6353,51.1088,51.1088,0,9.2515
3.482,0,27.0721,27.0721,26.9716,26.9716,0,0,0,0,45.6352,45.6352,51.1088,51.1088,0,9.2331
3.484,0,27.0721,27.0721,26.9716,26.9716,0,0,0,0,45.6352,45.6352,51.1088,51.1088,0,9.2146
3.486,0,27.0721,27.0721,26.9716,26.9716,0,0,0,0,45.6352,45.6352,51.1088,51.1088,0,9.1962
3.488,0,27.0721,27.0721,26.9716,26.9716,0,0,0,0,45.6352,45.6352,51.1088,51.1088,0,9.1777
3.49,0,26.7652,26.7652,26.6658,26.6658,0,0,0,0,45.6352,45.6352,51.1089,51.1089,0,9.1592
3.492,0,26.7652,26.7652,26.6658,26.6658,0,0,0,0,45.6352,45.6352,51.1089,51.1089,0,9.1408
3.494,0,26.7652,26.7652,26.6658,26.6658,0,0,0,0,45.6352,45.6352,51.1089,51.1089,0,9.1223
3.496,0,26.7652,26.7652,26.6658,26.6658,0,0,0,0,45.6352,45.6352,51.1089,51.1089,0,9.1039
3.498,0,26.7652,26.7652,26.6658,26.6658,0,0,0,0,45.6352,45.6352,51.1089,51.1089,0,9.0854
3.5,0,26.738,26.738,26.6396,26.6396,0,0,0,0,45.6352,45.6352,51.1089,51.1089,0,9.067
3.502,0,26.738,26.738,26.6396,26.6396,0,0,0,0,45.6352,45.6352,51.1089,51.1089,0,9.0485
3.504,0,26.738,26.738,26.6396,26.6396,0,0,0,0,45.6352,45.6352,51.1089,51.1089,0,9.0301
3.506,0,26.738,26.738,26.6396,26.6396,0,0,0,0,45.6352,45.6352,51.109,51.109,0,9.0116
3.508,0,26.738,26.738,26.6396,26.6396,0,0,0,0,45.6351,45.6351,51.109,51.109,0,8.9932
3.51,0,26.209,26.209,26.1115,26.1115,0,0,0,0,45.6351,45.6351,51.109,51.109,0,8.9747
3.512,0,26.209,26.209,26.1115,26.1115,0,0,0,0,45.6351,45.6351,51.109,51.109,0,8.9563
3.514,0,26.209,26.209,26.1115,26.1115,0,0,0,0,45.6351,45.6351,51.109,51.109,0,8.9378
3.516,0,26.209,26.209,26.1115,26.1115,0,0,0,0,45.6351,45.6351,51.109,51.109,0,8.9194
3.518,0,26.209,26.209,26.1115,26.1115,0,0,0,0,45.6351,45.6351,51.109,51.109,0,8.9009
3.52,0,26.0235,26.0235,25.9271,25.9271,0,0,0,0,45.6351,45.6351,51.109,51.109,0,8.8825
3.522,0,26.0235,26.0235,25.9271,25.9271,0,0,0,0,45.6351,45.6351,51.1091,51.1091,0,8.864
3.524,0,26.0235,26.0235,25.9271,25.9271,0,0,0,0,45.6351,45.6351,51.1091,51.1091,0,8.8456
3.526,0,26.0235,26.0235,25.9271,25.9271,0,0,0,0,45.6351,45.6351,51.1091,51.1091,0,8.8271
3.528,0,26.0235,26.0235,25.9271,25.9271,0,0,0,0,45.6351,45.6351,51.1091,51.1091,0,8.8087
3.53,0,25.6311,25.6311,25.5356,25.5356,0,0,0,0,45.6351,45.6351,51.1091,51.1091,0,8.7902
3.532,0,25.6311,25.6311,25.5356,25.5356,0,0,0,0,45.635,45.635,51.1091,51.1091,0,8.7718
3.534,0,25.6311,25.6311,25.5356,25.5356,0,0,0,0,45.635,45.635,51.1091,51.1091,0,8.7533
3.536,0,25.6311,25.6311,25.5356,25.5356,0,0,0,0,45.635,45.635,51.1091,51.1091,0,8.7349
3.538,0,25.6311,25.6311,25.5356,25.5356,0,0,0,0,45.635,45.635,51.1092,51.1092,0,8.7164
3.54,0,25.3911,25.3911,25.2967,25.2967,0,0,0,0,45.635,45.635,51.1092,51.1092,0,8.698
3.542,0,25.3911,25.3911,25.2967,25.2967,0,0,0,0,45.635,45.635,51.1092,51.1092,0,8.6795
3.544,0,25.3911,25.3911,25.2967,25.2967,0,0,0,0,45.635,45.635,51.1092,51.1092,0,8.6611
3.546,0,25.3911,25.3911,25.2967,25.2967,0,0,0,0,45.635,45.635,51.1092,51.1092,0,8.6426
3.548,0,25.3911,25.3911,25.2967,25.2967,0,0,0,0,45.635,45.635,51.1092,51.1092,0,8.6242
3.55,0,25.1976,25.1976,25.1041,25.1041,0,0,0,0,45.635,45.635,51.1092,51.1092,0,8.6057
3.552,0,25.1976,25.1976,25.1041,25.1041,0,0,0,0,45.635,45.635,51.1092,51.1092,0,8.5873
3.554,0,25.1976,25.1976,25.1041,25.1041,0,0,0,0,45.635,45.635,51.1093,51.1093,0,8.5688
3.556,0,25.1976,25.1976,25.1041,25.1041,0,0,0,0,45.635,45.635,51.1093,51.1093,0,8.5504
3.558,0,25.1976,25.1976,25.1041,25.1041,0,0,0,0,45.6349,45.6349,51.1093,51.1093,0,8.5319
3.56,0,24.8312,24.8312,24.7387,24.7387,0,0,0,0,45.6349,45.6349,51.1093,51.1093,0,8.5135
3.562,0,24.8312,24.8312,24.7387,24.7387,0,0,0,0,45.6349,45.6349,51.1093,51.1093,0,8.495
3.564,0,24.8312,24.8312,24.7387,24.7387,0,0,0,0,45.6349,45.6349,51.1093,51.1093,0,8.4766
3.566,0,24.8312,24.8312,24.7387,24.7387,0,0,0,0,45.6349,45.6349,51.1093,51.1093,0,8.4581
3.568,0,24.8312,24.8312,24.7387,24.7387,0,0,0,0,45.6349,45.6349,51.1093,51.1093,0,8.4396
3.57,0,24.6663,24.6663,24.5749,24.5749,0,0,0,0,45.6349,45.6349,51.1094,51.1094,0,8.4212
3.572,0,24.6663,24.6663,24.5749,24.5749,0,0,0,0,45.6349,45.6349,51.1094,51.1094,0,8.4027
3.574,0,24.6663,24.6663,24.5749,24.5749,0,0,0,0,45.6349,45.6349,51.1094,51.1094,0,8.3843
3.576,0,24.6663,24.6663,24.5749,24.5749,0,0,0,0,45.6349,45.6349,51.1094,51.1094,0,8.3658
3.578,0,24.6663,24.6663,24.5749,24.5749,0,0,0,0,45.6349,45.6349,51.1094,51.1094,0,8.3474
3.58,0,24.3325,24.3325,24.242,24.242,0,0,0,0,45.6349,45.6349,51.1094,51.1094,0,8.3289
3.582,0,24.3325,24.3325,24.242,24.242,0,0,0,0,45.6349,45.6349,51.1094,51.1094,0,8.3105
3.584,0,24.3325,24.3325,24.242,24.242,0,0,0,0,45.6348,45.6348,51.1094,51.1094,0,8.292
3.586,0,24.3325,24.3325,24.242,24.242,0,0,0,0,45.6348,45.6348,51.1095,51.1095,0,8.2736
3.588,0,24.3325,24.3325,24.242,24.242,0,0,0,0,45.6348,45.6348,51.1095,51.1095,0,8.2551
3.59,0,24.0406,24.0406,23.9512,23.9512,0,0,0,0,45.6348,45.6348,51.1095,51.1095,0,8.2367
3.592,0,24.0406,24.0406,23.9512,23.9512,0,0,0,0,45.6348,45.6348,51.1095,51.1095,0,8.2182
3.594,0,24.0406,24.0406,23.9512,23.9512,0,0,0,0,45.6348,45.6348,51.1095,51.1095,0,8.1998
3.596,0,24.0406,24.0406,23.9512,23.9512,0,0,0,0,45.6348,45.6348,51.1095,51.1095,0,8.1813
3.598,0,24.0406,24.0406,23.9512,23.9512,0,0,0,0,45.6348,45.6348,51.1095,51.1095,0,8.1629
3.6,0,23.7598,23.7598,23.6713,23.6713,0,0,0,0,45.6348,45.6348,51.1095,51.1095,0,8.1444
3.602,0,23.7598,23.7598,23.6713,23.6713,0,0,0,0,45.6348,45.6348,51.1096,51.1096,0,8.126
3.604,0,23.7598,23.7598,23.6713,23.6713,0,0,0,0,45.6348,45.6348,51.1096,51.1096,0,8.1075
3.606,0,23.7598,23.7598,23.6713,23.6713,0,0,0,0,45.6348,45.6348,51.1096,51.1096,0,8.0891
3.608,0,23.7598,23.7598,23.6713,23.6713,0,0,0,0,45.6348,45.6348,51.1096,51.1096,0,8.0706
3.61,0,23.5374,23.5374,23.4499,23.4499,0,0,0,0,45.6347,45.6347,51.1096,51.1096,0,8.0522
3.612,0,23.5374,23.5374,23.4499,23.4499,0,0,0,0,45.6347,45.6347,51.1096,51.1096,0,8.0337
3.614,0,23.5374,23.5374,23.4499,23.4499,0,0,0,0,45.6347,45.6347,51.1096,51.1096,0,8.0153
3.616,0,23.5374,23.5374,23.4499,23.4499,0,0,0,0,45.6347,45.6347,51.1096,51.1096,0,7.9968
3.618,0,23.5374,23.5374,23.4499,23.4499,0,0,0,0,45.6347,45.6347,51.1096,51.1096,0,7.9784
3.62,0,23.2537,23.2537,23.1672,23.1672,0,0,0,0,45.6347,45.6347,51.1097,51.1097,0,7.9599
3.622,0,23.2537,23.2537,23.1672,23.1672,0,0,0,0,45.6347,45.6347,51.1097,51.1097,0,7.9415
3.624,0,23.2537,23.2537,23.1672,23.1672,0,0,0,0,45.6347,45.6347,51.1097,51.1097,0,7.923
3.626,0,23.2537,23.2537,23.1672,23.1672,0,0,0,0,45.6347,45.6347,51.1097,51.1097,0,7.9046
3.628,0,23.2537,23.2537,23.1672,23.1672,0,0,0,0,45.6347,45.6347,51.1097,51.1097,0,7.8861
3.63,0,23.0736,23.0736,22.9881,22.9881,0,0,0,0,45.6347,45.6347,51.1097,51.1097,0,7.8677
3.632,0,23.0736,23.0736,22.9881,22.9881,0,0,0,0,45.6347,45.6347,51.1097,51.1097,0,7.8492
3.634,0,23.0736,23.0736,22.9881,22.9881,0,0,0,0,45.6346,45.6346,51.1097,51.1097,0,7.8308
3.636,0,23.0736,23.0736,22.9881,22.9881,0,0,0,0,45.6346,45.6346,51.1098,51.1098,0,7.8123
3.638,0,23.0736,23.0736,22.9881,22.9881,0,0,0,0,45.6346,45.6346,51.1098,51.1098,0,7.7939
3.64,0,22.812,22.812,22.7275,22.7275,0,0,0,0,45.6346,45.6346,51.1098,51.1098,0,7.7754
3.642,0,22.812,22.812,22.7275,22.7275,0,0,0,0,45.6346,45.6346,51.1098,51.1098,0,7.757
3.644,0,22.812,22.812,22.7275,22.7275,0,0,0,0,45.6346,45.6346,51.1098,51.1098,0,7.7385
3.646,0,22.812,22.812,22.7275,22.7275,0,0,0,0,45.6346,45.6346,51.1098,51.1098,0,7.7201
3.648,0,22.812,22.812,22.7275,22.7275,0,0,0,0,45.6346,45.6346,51.1098,51.1098,0,7.7016
3.65,0,22.3724,22.3724,22.289,22.289,0,0,0,0,45.6346,45.6346,51.1098,51.1098,0,7.6832
3.652,0,22.3724,22.3724,22.289,22.289,0,0,0,0,45.6346,45.6346,51.1099,51.1099,0,7.6647
3.654,0,22.3724,22.3724,22.289,22.289,0,0,0,0,45.6346,45.6346,51.1099,51.1099,0,7.6463
3.656,0,22.3724,22.3724,22.289,22.289,0,0,0,0,45.6346,45.6346,51.1099,51.1099,0,7.6278
3.658,0,22.3724,22.3724,22.289,22.289,0,0,0,0,45.6346,45.6346,51.1099,51.1099,0,7.6094
3.66,0,22.1666,22.1666,22.0842,22.0842,0,0,0,0,45.6345,45.6345,51.1099,51.1099,0,7.5909
3.662,0,22.1666,22.1666,22.0842,22.0842,0,0,0,0,45.6345,45.6345,51.1099,51.1099,0,7.5725
3.664,0,22.1666,22.1666,22.0842,22.0842,0,0,0,0,45.6345,45.6345,51.1099,51.1099,0,7.554
3.666,0,22.1666,22.1666,22.0842,22.0842,0,0,0,0,45.6345,45.6345,51.1099,51.1099,0,7.5356
3.668,0,22.1666,22.1666,22.0842,22.0842,0,0,0,0,45.6345,45.6345,51.11,51.11,0,7.5171
3.67,0,21.8233,21.8233,21.7419,21.7419,0,0,0,0,45.6345,45.6345,51.11,51.11,0,7.4987
3.672,0,21.8233,21.8233,21.7419,21.7419,0,0,0,0,45.6345,45.6345,51.11,51.11,0,7.4802
3.674,0,21.8233,21.8233,21.7419,21.7419,0,0,0,0,45.6345,45.6345,51.11,51.11,0,7.4618
3.676,0,21.8233,21.8233,21.7419,21.7419,0,0,0,0,45.6345,45.6345,51.11,51.11,0,7.4433
3.678,0,21.8233,21.8233,21.7419,21.7419,0,0,0,0,45.6345,45.6345,51.11,51.11,0,7.4249
3.68,0,21.6791,21.6791,21.5986,21.5986,0,0,0,0,45.6345,45.6345,51.11,51.11,0,7.4064
3.682,0,21.6791,21.6791,21.5986,21.5986,0,0,0,0,45.6345,45.6345,51.11,51.11,0,7.388
3.684,0,21.6791,21.6791,21.5986,21.5986,0,0,0,0,45.6345,45.6345,51.1101,51.1101,0,7.3695
3.686,0,21.6791,21.6791,21.5986,21.5986,0,0,0,0,45.6344,45.6344,51.1101,51.1101,0,7.351
3.688,0,21.6791,21.6791,21.5986,21.5986,0,0,0,0,45.6344,45.6344,51.1101,51.1101,0,7.3326
3.69,0,21.4286,21.4286,21.3491,21.3491,0,0,0,0,45.6344,45.6344,51.1101,51.1101,0,7.3141
3.692,0,21.4286,21.4286,21.3491,21.3491,0,0,0,0,45.6344,45.6344,51.1101,51.1101,0,7.2957
3.694,0,21.4286,21.4286,21.3491,21.3491,0,0,0,0,45.6344,45.6344,51.1101,51.1101,0,7.2772
3.696,0,21.4286,21.4286,21.3491,21.3491,0,0,0,0,45.6344,45.6344,51.1101,51.1101,0,7.2588
3.698,0,21.4286,21.4286,21.3491,21.3491,0,0,0,0,45.6344,45.6344,51.1101,51.1101,0,7.2403
3.7,0,21.0431,21.0431,20.9646,20.9646,0,0,0,0,45.6344,45.6344,51.1101,51.1101,0,7.2219
3.702,0,21.0431,21.0431,20.9646,20.9646,0,0,0,0,45.6344,45.6344,51.1102,51.1102,0,7.2034
3.704,0,21.0431,21.0431,20.9646,20.9646,0,0,0,0,45.6344,45.6344,51.1102,51.1102,0,7.185
3.706,0,21.0431,21.0431,20.9646,20.9646,0,0,0,0,45.6344,45.6344,51.1102,51.1102,0,7.1665
3.708,0,21.0431,21.0431,20.9646,20.9646,0,0,0,0,45.6344,45.6344,51.1102,51.1102,0,7.1481
3.71,0,20.7363,20.7363,20.6588,20.6588,0,0,0,0,45.6344,45.6344,51.1102,51.1102,0,7.1296
3.712,0,20.7363,20.7363,20.6588,20.6588,0,0,0,0,45.6343,45.6343,51.1102,51.1102,0,7.1112
3.714,0,20.7363,20.7363,20.6588,20.6588,0,0,0,0,45.6343,45.6343,51.1102,51.1102,0,7.0927
3.716,0,20.7363,20.7363,20.6588,20.6588,0,0,0,0,45.6343,45.6343,51.1102,51.1102,0,7.0743
3.718,0,20.7363,20.7363,20.6588,20.6588,0,0,0,0,45.6343,45.6343,51.1103,51.1103,0,7.0558
3.72,0,20.6724,20.6724,20.596,20.596,0,0,0,0,45.6343,45.6343,51.1103,51.1103,0,7.0374
3.722,0,20.6724,20.6724,20.596,20.596,0,0,0,0,45.6343,45.6343,51.1103,51.1103,0,7.0189
3.724,0,20.6724,20.6724,20.596,20.596,0,0,0,0,45.6343,45.6343,51.1103,51.1103,0,7.0005
3.726,0,20.6724,20.6724,20.596,20.596,0,0,0,0,45.6343,45.6343,51.1103,51.1103,0,6.982
3.728,0,20.6724,20.6724,20.596,20.596,0,0,0,0,45.6343,45.6343,51.1103,51.1103,0,6.9636
3.73,0,20.1733,20.1733,20.0978,20.0978,0,0,0,0,45.6343,45.6343,51.1103,51.1103,0,6.9451
3.732,0,20.1733,20.1733,20.0978,20.0978,0,0,0,0,45.6343,45.6343,51.1103,51.1103,0,6.9267
3.734,0,20.1733,20.1733,20.0978,20.0978,0,0,0,0,45.6343,45.6343,51.1104,51.1104,0,6.9082
3.736,0,20.1733,20.1733,20.0978,20.0978,0,0,0,0,45.6343,45.6343,51.1104,51.1104,0,6.8898
3.738,0,20.1733,20.1733,20.0978,20.0978,0,0,0,0,45.6342,45.6342,51.1104,51.1104,0,6.8713
3.74,0,20.0093,20.0093,19.9349,19.9349,0,0,0,0,45.6342,45.6342,51.1104,51.1104,0,6.8529
3.742,0,20.0093,20.0093,19.9349,19.9349,0,0,0,0,45.6342,45.6342,51.1104,51.1104,0,6.8344
3.744,0,20.0093,20.0093,19.9349,19.9349,0,0,0,0,45.6342,45.6342,51.1104,51.1104,0,6.816
3.746,0,20.0093,20.0093,19.9349,19.9349,0,0,0,0,45.6342,45.6342,51.1104,51.1104,0,6.7975
3.748,0,20.0093,20.0093,19.9349,19.9349,0,0,0,0,45.6342,45.6342,51.1104,51.1104,0,6.7791
3.75,0,20.0314,20.0314,19.958,19.958,0,0,0,0,45.6342,45.6342,51.1104,51.1104,0,6.7606
3.752,0,20.0314,20.0314,19.958,19.958,0,0,0,0,45.6342,45.6342,51.1105,51.1105,0,6.7422
3.754,0,20.0314,20.0314,19.958,19.958,0,0,0,0,45.6342,45.6342,51.1105,51.1105,0,6.7237
3.756,0,20.0314,20.0314,19.958,19.958,0,0,0,0,45.6342,45.6342,51.1105,51.1105,0,6.7053
3.758,0,20.0314,20.0314,19.958,19.958,0,0,0,0,45.6342,45.6342,51.1105,51.1105,0,6.6868
3.76,0,19.5828,19.5828,19.5104,19.5104,0,0,0,0,45.6342,45.6342,51.1105,51.1105,0,6.6684
3.762,0,19.5828,19.5828,19.5104,19.5104,0,0,0,0,45.6342,45.6342,51.1105,51.1105,0,6.6499
3.764,0,19.5828,19.5828,19.5104,19.5104,0,0,0,0,45.6341,45.6341,51.1105,51.1105,0,6.6315
3.766,0,19.5828,19.5828,19.5104,19.5104,0,0,0,0,45.6341,45.6341,51.1105,51.1105,0,6.613
3.768,0,19.5828,19.5828,19.5104,19.5104,0,0,0,0,45.6341,45.6341,51.1106,51.1106,0,6.5946
3.77,0,19.3552,19.3552,19.2837,19.2837,0,0,0,0,45.6341,45.6341,51.1106,51.1106,0,6.5761
3.772,0,19.3552,19.3552,19.2837,19.2837,0,0,0,0,45.6341,45.6341,51.1106,51.1106,0,6.5577
3.774,0,19.3552,19.3552,19.2837,19.2837,0,0,0,0,45.6341,45.6341,51.1106,51.1106,0,6.5392
3.776,0,19.3552,19.3552,19.2837,19.2837,0,0,0,0,45.6341,45.6341,51.1106,51.1106,0,6.5208
3.778,0,19.3552,19.3552,19.2837,19.2837,0,0,0,0,45.6341,45.6341,51.1106,51.1106,0,6.5023
3.78,0,18.8915,18.8915,18.821,18.821,0,0,0,0,45.6341,45.6341,51.1106,51.1106,0,6.4839
3.782,0,18.8915,18.8915,18.821,18.821,0,0,0,0,45.6341,45.6341,51.1106,51.1106,0,6.4654
3.784,0,18.8915,18.8915,18.821,18.821,0,0,0,0,45.6341,45.6341,51.1107,51.1107,0,6.447
3.786,0,18.8915,18.8915,18.821,18.821,0,0,0,0,45.6341,45.6341,51.1107,51.1107,0,6.4285
3.788,0,18.8915,18.8915,18.821,18.821,0,0,0,0,45.6341,45.6341,51.1107,51.1107,0,6.4101
3.79,0,18.7474,18.7474,18.678,18.678,0,0,0,0,45.634,45.634,51.1107,51.1107,0,6.3916
3.792,0,18.7474,18.7474,18.678,18.678,0,0,0,0,45.634,45.634,51.1107,51.1107,0,6.3732
3.794,0,18.7474,18.7474,18.678,18.678,0,0,0,0,45.634,45.634,51.1107,51.1107,0,6.3547
3.796,0,18.7474,18.7474,18.678,18.678,0,0,0,0,45.634,45.634,51.1107,51.1107,0,6.3363
3.798,0,18.7474,18.7474,18.678,18.678,0,0,0,0,45.634,45.634,51.1107,51.1107,0,6.3178
3.8,0,18.3636,18.3636,18.2952,18.2952,0,0,0,0,45.634,45.634,51.1107,51.1107,0,6.2994
3.802,0,18.3636,18.3636,18.2952,18.2952,0,0,0,0,45.634,45.634,51.1108,51.1108,0,6.2809
3.804,0,18.3636,18.3636,18.2952,18.2952,0,0,0,0,45.634,45.634,51.1108,51.1108,0,6.2625
3.806,0,18.3636,18.3636,18.2952,18.2952,0,0,0,0,45.634,45.634,51.1108,51.1108,0,6.244
3.808,0,18.3636,18.3636,18.2952,18.2952,0,0,0,0,45.634,45.634,51.1108,51.1108,0,6.2256
3.81,0,18.1855,18.1855,18.118,18.118,0,0,0,0,45.634,45.634,51.1108,51.1108,0,6.2071
3.812,0,18.1855,18.1855,18.118,18.118,0,0,0,0,45.634,45.634,51.1108,51.1108,0,6.1887
3.814,0,18.1855,18.1855,18.118,18.118,0,0,0,0,45.634,45.634,51.1108,51.1108,0,6.1702
3.816,0,18.1855,18.1855,18.118,18.118,0,0,0,0,45.634,45.634,51.1108,51.1108,0,6.1518
3.818,0,18.1855,18.1855,18.118,18.118,0,0,0,0,45.6339,45.6339,51.1109,51.1109,0,6.1333
3.82,0,17.8516,17.8516,17.7852,17.7852,0,0,0,0,45.6339,45.6339,51.1109,51.1109,0,6.1149
3.822,0,17.8516,17.8516,17.7852,17.7852,0,0,0,0,45.6339,45.6339,51.1109,51.1109,0,6.0964
3.824,0,17.8516,17.8516,17.7852,17.7852,0,0,0,0,45.6339,45.6339,51.1109,51.1109,0,6.078
3.826,0,17.8516,17.8516,17.7852,17.7852,0,0,0,0,45.6339,45.6339,51.1109,51.1109,0,6.0595
3.828,0,17.8516,17.8516,17.7852,17.7852,0,0,0,0,45.6339,45.6339,51.1109,51.1109,0,6.0411
3.83,0,17.6137,17.6137,17.5483,17.5483,0,0,0,0,45.6339,45.6339,51.1109,51.1109,0,6.0226
3.832,0,17.6137,17.6137,17.5483,17.5483,0,0,0,0,45.6339,45.6339,51.1109,51.1109,0,6.0042
3.834,0,17.6137,17.6137,17.5483,17.5483,0,0,0,0,45.6339,45.6339,51.111,51.111,0,5.9857
3.836,0,17.6137,17.6137,17.5483,17.5483,0,0,0,0,45.6339,45.6339,51.111,51.111,0,5.9673
3.838,0,17.6137,17.6137,17.5483,17.5483,0,0,0,0,45.6339,45.6339,51.111,51.111,0,5.9488
3.84,0,17.2737,17.2737,17.2093,17.2093,0,0,0,0,45.6339,45.6339,51.111,51.111,0,5.9304
3.842,0,17.2737,17.2737,17.2093,17.2093,0,0,0,0,45.6339,45.6339,51.111,51.111,0,5.9119
3.844,0,17.2737,17.2737,17.2093,17.2093,0,0,0,0,45.6338,45.6338,51.111,51.111,0,5.8935
3.846,0,17.2737,17.2737,17.2093,17.2093,0,0,0,0,45.6338,45.6338,51.111,51.111,0,5.875
3.848,0,17.2737,17.2737,17.2093,17.2093,0,0,0,0,45.6338,45.6338,51.111,51.111,0,5.8566
3.85,0,17.0033,17.0033,16.9399,16.9399,0,0,0,0,45.6338,45.6338,51.111,51.111,0,5.8381
3.852,0,17.0033,17.0033,16.9399,16.9399,0,0,0,0,45.6338,45.6338,51.1111,51.1111,0,5.8197
3.854,0,17.0033,17.0033,16.9399,16.9399,0,0,0,0,45.6338,45.6338,51.1111,51.1111,0,5.8012
3.856,0,17.0033,17.0033,16.9399,16.9399,0,0,0,0,45.6338,45.6338,51.1111,51.1111,0,5.7828
3.858,0,17.0033,17.0033,16.9399,16.9399,0,0,0,0,45.6338,45.6338,51.1111,51.1111,0,5.7643
3.86,0,16.9502,16.9502,16.8878,16.8878,0,0,0,0,45.6338,45.6338,51.1111,51.1111,0,5.7459
3.862,0,16.9502,16.9502,16.8878,16.8878,0,0,0,0,45.6338,45.6338,51.1111,51.1111,0,5.7274
3.864,0,16.9502,16.9502,16.8878,16.8878,0,0,0,0,45.6338,45.6338,51.1111,51.1111,0,5.709
3.866,0,16.9502,16.9502,16.8878,16.8878,0,0,0,0,45.6338,45.6338,51.1111,51.1111,0,5.6905
3.868,0,16.9502,16.9502,16.8878,16.8878,0,0,0,0,45.6338,45.6338,51.1112,51.1112,0,5.6721
3.87,0,16.5761,16.5761,16.5147,16.5147,0,0,0,0,45.6337,45.6337,51.1112,51.1112,0,5.6536
3.872,0,16.5761,16.5761,16.5147,16.5147,0,0,0,0,45.6337,45.6337,51.1112,51.1112,0,5.6352
3.874,0,16.5761,16.5761,16.5147,16.5147,0,0,0,0,45.6337,45.6337,51.1112,51.1112,0,5.6167
3.876,0,16.5761,16.5761,16.5147,16.5147,0,0,0,0,45.6337,45.6337,51.1112,51.1112,0,5.5983
3.878,0,16.5761,16.5761,16.5147,16.5147,0,0,0,0,45.6337,45.6337,51.1112,51.1112,0,5.5798
3.88,0,16.4444,16.4444,16.384,16.384,0,0,0,0,45.6337,45.6337,51.1112,51.1112,0,5.5614
3.882,0,16.4444,16.4444,16.384,16.384,0,0,0,0,45.6337,45.6337,51.1112,51.1112,0,5.5429
3.884,0,16.4444,16.4444,16.384,16.384,0,0,0,0,45.6337,45.6337,51.1112,51.1112,0,5.5245
3.886,0,16.4444,16.4444,16.384,16.384,0,0,0,0,45.6337,45.6337,51.1113,51.1113,0,5.506
3.888,0,16.4444,16.4444,16.384,16.384,0,0,0,0,45.6337,45.6337,51.1113,51.1113,0,5.4876
3.89,0,16.0614,16.0614,16.002,16.002,0,0,0,0,45.6337,45.6337,51.1113,51.1113,0,5.4691
3.892,0,16.0614,16.0614,16.002,16.002,0,0,0,0,45.6337,45.6337,51.1113,51.1113,0,5.4507
3.894,0,16.0614,16.0614,16.002,16.002,0,0,0,0,45.6337,45.6337,51.1113,51.1113,0,5.4322
3.896,0,16.0614,16.0614,16.002,16.002,0,0,0,0,45.6336,45.6336,51.1113,51.1113,0,5.4138
3.898,0,16.0614,16.0614,16.002,16.002,0,0,0,0,45.6336,45.6336,51.1113,51.1113,0,5.3953
3.9,0,15.6449,15.6449,15.5865,15.5865,0,0,0,0,45.6336,45.6336,51.1113,51.1113,0,5.3769
3.902,0,15.6449,15.6449,15.5865,15.5865,0,0,0,0,45.6336,45.6336,51.1114,51.1114,0,5.3584
3.904,0,15.6449,15.6449,15.5865,15.5865,0,0,0,0,45.6336,45.6336,51.1114,51.1114,0,5.34
3.906,0,15.6449,15.6449,15.5865,15.5865,0,0,0,0,45.6336,45.6336,51.1114,51.1114,0,5.3215
3.908,0,15.6449,15.6449,15.5865,15.5865,0,0,0,0,45.6336,45.6336,51.1114,51.1114,0,5.3031
3.91,0,15.5364,15.5364,15.479,15.479,0,0,0,0,45.6336,45.6336,51.1114,51.1114,0,5.2847
3.912,0,15.5364,15.5364,15.479,15.479,0,0,0,0,45.6336,45.6336,51.1114,51.1114,0,5.2662
3.914,0,15.5364,15.5364,15.479,15.479,0,0,0,0,45.6336,45.6336,51.1114,51.1114,0,5.2478
3.916,0,15.5364,15.5364,15.479,15.479,0,0,0,0,45.6336,45.6336,51.1114,51.1114,0,5.2293
3.918,0,15.5364,15.5364,15.479,15.479,0,0,0,0,45.6336,45.6336,51.1115,51.1115,0,5.2109
3.92,0,15.2094,15.2094,15.153,15.153,0,0,0,0,45.6336,45.6336,51.1115,51.1115,0,5.1924
3.922,0,15.2094,15.2094,15.153,15.153,0,0,0,0,45.6336,45.6336,51.1115,51.1115,0,5.174
3.924,0,15.2094,15.2094,15.153,15.153,0,0,0,0,45.6335,45.6335,51.1115,51.1115,0,5.1555
3.926,0,15.2094,15.2094,15.153,15.153,0,0,0,0,45.6335,45.6335,51.1115,51.1115,0,5.1371
3.928,0,15.2094,15.2094,15.153,15.153,0,0,0,0,45.6335,45.6335,51.1115,51.1115,0,5.1186
3.93,0,15.0117,15.0117,14.9563,14.9563,0,0,0,0,45.6335,45.6335,51.1115,51.1115,0,5.1002
3.932,0,15.0117,15.0117,14.9563,14.9563,0,0,0,0,45.6335,45.6335,51.1115,51.1115,0,5.0817
3.934,0,15.0117,15.0117,14.9563,14.9563,0,0,0,0,45.6335,45.6335,51.1115,51.1115,0,5.0633
3.936,0,15.0117,15.0117,14.9563,14.9563,0,0,0,0,45.6335,45.6335,51.1116,51.1116,0,5.0448
3.938,0,15.0117,15.0117,14.9563,14.9563,0,0,0,0,45.6335,45.6335,51.1116,51.1116,0,5.0264
3.94,0,14.7223,14.7223,14.6679,14.6679,0,0,0,0,45.6335,45.6335,51.1116,51.1116,0,5.0079
3.942,0,14.7223,14.7223,14.6679,14.6679,0,0,0,0,45.6335,45.6335,51.1116,51.1116,0,4.9895
3.944,0,14.7223,14.7223,14.6679,14.6679,0,0,0,0,45.6335,45.6335,51.1116,51.1116,0,4.971
3.946,0,14.7223,14.7223,14.6679,14.6679,0,0,0,0,45.6335,45.6335,51.1116,51.1116,0,4.9526
3.948,0,14.7223,14.7223,14.6679,14.6679,0,0,0,0,45.6335,45.6335,51.1116,51.1116,0,4.9341
3.95,0,14.3596,14.3596,14.3062,14.3062,0,0,0,0,45.6334,45.6334,51.1116,51.1116,0,4.9157
3.952,0,14.3596,14.3596,14.3062,14.3062,0,0,0,0,45.6334,45.6334,51.1117,51.1117,0,4.8972
3.954,0,14.3596,14.3596,14.3062,14.3062,0,0,0,0,45.6334,45.6334,51.1117,51.1117,0,4.8788
3.956,0,14.3596,14.3596,14.3062,14.3062,0,0,0,0,45.6334,45.6334,51.1117,51.1117,0,4.8603
3.958,0,14.3596,14.3596,14.3062,14.3062,0,0,0,0,45.6334,45.6334,51.1117,51.1117,0,4.8419
3.96,0,13.9626,13.9626,13.9102,13.9102,0,0,0,0,45.6334,45.6334,51.1117,51.1117,0,4.8234
3.962,0,13.9626,13.9626,13.9102,13.9102,0,0,0,0,45.6334,45.6334,51.1117,51.1117,0,4.805
3.964,0,13.9626,13.9626,13.9102,13.9102,0,0,0,0,45.6334,45.6334,51.1117,51.1117,0,4.7865
3.966,0,13.9626,13.9626,13.9102,13.9102,0,0,0,0,45.6334,45.6334,51.1117,51.1117,0,4.7681
3.968,0,13.9626,13.9626,13.9102,13.9102,0,0,0,0,45.6334,45.6334,51.1117,51.1117,0,4.7496
3.97,0,13.6679,13.6679,13.6165,13.6165,0,0,0,0,45.6334,45.6334,51.1118,51.1118,0,4.7312
3.972,0,13.6679,13.6679,13.6165,13.6165,0,0,0,0,45.6334,45.6334,51.1118,51.1118,0,4.7127
3.974,0,13.6679,13.6679,13.6165,13.6165,0,0,0,0,45.6334,45.6334,51.1118,51.1118,0,4.6943
3.976,0,13.6679,13.6679,13.6165,13.6165,0,0,0,0,45.6333,45.6333,51.1118,51.1118,0,4.6758
3.978,0,13.6679,13.6679,13.6165,13.6165,0,0,0,0,45.6333,45.6333,51.1118,51.1118,0,4.6574
3.98,0,13.7243,13.7243,13.6739,13.6739,0,0,0,0,45.6333,45.6333,51.1118,51.1118,0,4.6389
3.982,0,13.7243,13.7243,13.6739,13.6739,0,0,0,0,45.6333,45.6333,51.1118,51.1118,0,4.6205
3.984,0,13.7243,13.7243,13.6739,13.6739,0,0,0,0,45.6333,45.6333,51.1118,51.1118,0,4.602
3.986,0,13.7243,13.7243,13.6739,13.6739,0,0,0,0,45.6333,45.6333,51.1119,51.1119,0,4.5836
3.988,0,13.7243,13.7243,13.6739,13.6739,0,0,0,0,45.6333,45.6333,51.1119,51.1119,0,4.5651
3.99,0,13.431,13.431,13.3817,13.3817,0,0,0,0,45.6333,45.6333,51.1119,51.1119,0,4.5467
3.992,0,13.431,13.431,13.3817,13.3817,0,0,0,0,45.6333,45.6333,51.1119,51.1119,0,4.5282
3.994,0,13.431,13.431,13.3817,13.3817,0,0,0,0,45.6333,45.6333,51.1119,51.1119,0,4.5098
3.996,0,13.431,13.431,13.3817,13.3817,0,0,0,0,45.6333,45.6333,51.1119,51.1119,0,4.4913
3.998,0,13.431,13.431,13.3817,13.3817,0,0,0,0,45.6333,45.6333,51.1119,51.1119,0,4.4729
4,0,12.8976,12.8976,12.8492,12.8492,0,0,0,0,45.6333,45.6333,51.1119,51.1119,0,4.4544
4.002,0,12.8976,12.8976,12.8492,12.8492,0,0,0,0,45.6333,45.6333,51.1119,51.1119,0,4.436
4.004,0,12.8976,12.8976,12.8492,12.8492,0,0,0,0,45.6332,45.6332,51.112,51.112,0,4.4175
4.006,0,12.8976,12.8976,12.8492,12.8492,0,0,0,0,45.6332,45.6332,51.112,51.112,0,4.3991
4.008,0,12.8976,12.8976,12.8492,12.8492,0,0,0,0,45.6332,45.6332,51.112,51.112,0,4.3806
4.01,0,12.8723,12.8723,12.825,12.825,0,0,0,0,45.6332,45.6332,51.112,51.112,0,4.3622
4.012,0,12.8723,12.8723,12.825,12.825,0,0,0,0,45.6332,45.6332,51.112,51.112,0,4.3437
4.014,0,12.8723,12.8723,12.825,12.825,0,0,0,0,45.6332,45.6332,51.112,51.112,0,4.3253
4.016,0,12.8723,12.8723,12.825,12.825,0,0,0,0,45.6332,45.6332,51.112,51.112,0,4.3068
4.018,0,12.8723,12.8723,12.825,12.825,0,0,0,0,45.6332,45.6332,51.112,51.112,0,4.2884
4.02,0,12.4572,12.4572,12.4108,12.4108,0,0,0,0,45.6332,45.6332,51.1121,51.1121,0,4.2699
4.022,0,12.4572,12.4572,12.4108,12.4108,0,0,0,0,45.6332,45.6332,51.1121,51.1121,0,4.2515
4.024,0,12.4572,12.4572,12.4108,12.4108,0,0,0,0,45.6332,45.6332,51.1121,51.1121,0,4.233
4.026,0,12.4572,12.4572,12.4108,12.4108,0,0,0,0,45.6332,45.6332,51.1121,51.1121,0,4.2146
4.028,0,12.4572,12.4572,12.4108,12.4108,0,0,0,0,45.6332,45.6332,51.1121,51.1121,0,4.1961
4.03,0,12.1036,12.1036,12.0582,12.0582,0,0,0,0,45.6331,45.6331,51.1121,51.1121,0,4.1777
4.032,0,12.1036,12.1036,12.0582,12.0582,0,0,0,0,45.6331,45.6331,51.1121,51.1121,0,4.1593
4.034,0,12.1036,12.1036,12.0582,12.0582,0,0,0,0,45.6331,45.6331,51.1121,51.1121,0,4.1408
4.036,0,12.1036,12.1036,12.0582,12.0582,0,0,0,0,45.6331,45.6331,51.1121,51.1121,0,4.1224
4.038,0,12.1036,12.1036,12.0582,12.0582,0,0,0,0,45.6331,45.6331,51.1122,51.1122,0,4.1039
4.04,0,11.8798,11.8798,11.8354,11.8354,0,0,0,0,45.6331,45.6331,51.1122,51.1122,0,4.0855
4.042,0,11.8798,11.8798,11.8354,11.8354,0,0,0,0,45.6331,45.6331,51.1122,51.1122,0,4.067
4.044,0,11.8798,11.8798,11.8354,11.8354,0,0,0,0,45.6331,45.6331,51.1122,51.1122,0,4.0486
4.046,0,11.8798,11.8798,11.8354,11.8354,0,0,0,0,45.6331,45.6331,51.1122,51.1122,0,4.0301
4.048,0,11.8798,11.8798,11.8354,11.8354,0,0,0,0,45.6331,45.6331,51.1122,51.1122,0,4.0117
4.05,0,11.7216,11.7216,11.6783,11.6783,0,0,0,0,45.6331,45.6331,51.1122,51.1122,0,3.9932
4.052,0,11.7216,11.7216,11.6783,11.6783,0,0,0,0,45.6331,45.6331,51.1122,51.1122,0,3.9748
4.054,0,11.7216,11.7216,11.6783,11.6783,0,0,0,0,45.6331,45.6331,51.1122,51.1122,0,3.9563
4.056,0,11.7216,11.7216,11.6783,11.6783,0,0,0,0,45.6331,45.6331,51.1123,51.1123,0,3.9379
4.058,0,11.7216,11.7216,11.6783,11.6783,0,0,0,0,45.633,45.633,51.1123,51.1123,0,3.9194
4.06,0,11.4491,11.4491,11.4067,11.4067,0,0,0,0,45.633,45.633,51.1123,51.1123,0,3.901
4.062,0,11.4491,11.4491,11.4067,11.4067,0,0,0,0,45.633,45.633,51.1123,51.1123,0,3.8825
4.064,0,11.4491,11.4491,11.4067,11.4067,0,0,0,0,45.633,45.633,51.1123,51.1123,0,3.8641
4.066,0,11.4491,11.4491,11.4067,11.4067,0,0,0,0,45.633,45.633,51.1123,51.1123,0,3.8456
4.068,0,11.4491,11.4491,11.4067,11.4067,0,0,0,0,45.633,45.633,51.1123,51.1123,0,3.8272
4.07,0,10.93,10.93,10.8886,10.8886,0,0,0,0,45.633,45.633,51.1123,51.1123,0,3.8087
4.072,0,10.93,10.93,10.8886,10.8886,0,0,0,0,45.633,45.633,51.1124,51.1124,0,3.7903
4.074,0,10.93,10.93,10.8886,10.8886,0,0,0,0,45.633,45.633,51.1124,51.1124,0,3.7718
4.076,0,10.93,10.93,10.8886,10.8886,0,0,0,0,45.633,45.633,51.1124,51.1124,0,3.7534
4.078,0,10.93,10.93,10.8886,10.8886,0,0,0,0,45.633,45.633,51.1124,51.1124,0,3.7349
4.08,0,10.874,10.874,10.8336,10.8336,0,0,0,0,45.633,45.633,51.1124,51.1124,0,3.7165
4.082,0,10.874,10.874,10.8336,10.8336,0,0,0,0,45.633,45.633,51.1124,51.1124,0,3.698
4.084,0,10.874,10.874,10.8336,10.8336,0,0,0,0,45.6329,45.6329,51.1124,51.1124,0,3.6796
4.086,0,10.874,10.874,10.8336,10.8336,0,0,0,0,45.6329,45.6329,51.1124,51.1124,0,3.6611
4.088,0,10.874,10.874,10.8336,10.8336,0,0,0,0,45.6329,45.6329,51.1124,51.1124,0,3.6427
4.09,0,10.5439,10.5439,10.5045,10.5045,0,0,0,0,45.6329,45.6329,51.1125,51.1125,0,3.6242
4.092,0,10.5439,10.5439,10.5045,10.5045,0,0,0,0,45.6329,45.6329,51.1125,51.1125,0,3.6058
4.094,0,10.5439,10.5439,10.5045,10.5045,0,0,0,0,45.6329,45.6329,51.1125,51.1125,0,3.5873
4.096,0,10.5439,10.5439,10.5045,10.5045,0,0,0,0,45.6329,45.6329,51.1125,51.1125,0,3.5689
4.098,0,10.5439,10.5439,10.5045,10.5045,0,0,0,0,45.6329,45.6329,51.1125,51.1125,0,3.5504
4.1,0,10.3035,10.3035,10.2651,10.2651,0,0,0,0,45.6329,45.6329,51.1125,51.1125,0,3.532
4.102,0,10.3035,10.3035,10.2651,10.2651,0,0,0,0,45.6329,45.6329,51.1125,51.1125,0,3.5135
4.104,0,10.3035,10.3035,10.2651,10.2651,0,0,0,0,45.6329,45.6329,51.1125,51.1125,0,3.4951
4.106,0,10.3035,10.3035,10.2651,10.2651,0,0,0,0,45.6329,45.6329,51.1126,51.1126,0,3.4766
4.108,0,10.3035,10.3035,10.2651,10.2651,0,0,0,0,45.6329,45.6329,51.1126,51.1126,0,3.4582
4.11,0,10.0902,10.0902,10.0528,10.0528,0,0,0,0,45.6328,45.6328,51.1126,51.1126,0,3.4398
4.112,0,10.0902,10.0902,10.0528,10.0528,0,0,0,0,45.6328,45.6328,51.1126,51.1126,0,3.4213
4.114,0,10.0902,10.0902,10.0528,10.0528,0,0,0,0,45.6328,45.6328,51.1126,51.1126,0,3.4029
4.116,0,10.0902,10.0902,10.0528,10.0528,0,0,0,0,45.6328,45.6328,51.1126,51.1126,0,3.3844
4.118,0,10.0902,10.0902,10.0528,10.0528,0,0,0,0,45.6328,45.6328,51.1126,51.1126,0,3.366
4.12,0,9.5563,9.5563,9.5199,9.5199,0,0,0,0,45.6328,45.6328,51.1126,51.1126,0,3.3475
4.122,0,9.5563,9.5563,9.5199,9.5199,0,0,0,0,45.6328,45.6328,51.1126,51.1126,0,3.3291
4.124,0,9.5563,9.5563,9.5199,9.5199,0,0,0,0,45.6328,45.6328,51.1127,51.1127,0,3.3106
4.126,0,9.5563,9.5563,9.5199,9.5199,0,0,0,0,45.6328,45.6328,51.1127,51.1127,0,3.2922
4.128,0,9.5563,9.5563,9.5199,9.5199,0,0,0,0,45.6328,45.6328,51.1127,51.1127,0,3.2737
4.13,0,9.5398,9.5398,9.5044,9.5044,0,0,0,0,45.6328,45.6328,51.1127,51.1127,0,3.2553
4.132,0,9.5398,9.5398,9.5044,9.5044,0,0,0,0,45.6328,45.6328,51.1127,51.1127,0,3.2368
4.134,0,9.5398,9.5398,9.5044,9.5044,0,0,0,0,45.6328,45.6328,51.1127,51.1127,0,3.2184
4.136,0,9.5398,9.5398,9.5044,9.5044,0,0,0,0,45.6328,45.6328,51.1127,51.1127,0,3.1999
4.138,0,9.5398,9.5398,9.5044,9.5044,0,0,0,0,45.6327,45.6327,51.1127,51.1127,0,3.1815
4.14,0,9.3809,9.3809,9.3466,9.3466,0,0,0,0,45.6327,45.6327,51.1128,51.1128,0,3.163
4.142,0,9.3809,9.3809,9.3466,9.3466,0,0,0,0,45.6327,45.6327,51.1128,51.1128,0,3.1446
4.144,0,9.3809,9.3809,9.3466,9.3466,0,0,0,0,45.6327,45.6327,51.1128,51.1128,0,3.1261
4.146,0,9.3809,9.3809,9.3466,9.3466,0,0,0,0,45.6327,45.6327,51.1128,51.1128,0,3.1077
4.148,0,9.3809,9.3809,9.3466,9.3466,0,0,0,0,45.6327,45.6327,51.1128,51.1128,0,3.0892
4.15,0,8.8799,8.8799,8.8465,8.8465,0,0,0,0,45.6327,45.6327,51.1128,51.1128,0,3.0708
4.152,0,8.8799,8.8799,8.8465,8.8465,0,0,0,0,45.6327,45.6327,51.1128,51.1128,0,3.0523
4.154,0,8.8799,8.8799,8.8465,8.8465,0,0,0,0,45.6327,45.6327,51.1128,51.1128,0,3.0339
4.156,0,8.8799,8.8799,8.8465,8.8465,0,0,0,0,45.6327,45.6327,51.1128,51.1128,0,3.0154
4.158,0,8.8799,8.8799,8.8465,8.8465,0,0,0,0,45.6327,45.6327,51.1129,51.1129,0,2.997
4.16,0,8.8,8.8,8.7677,8.7677,0,0,0,0,45.6327,45.6327,51.1129,51.1129,0,2.9785
4.162,0,8.8,8.8,8.7677,8.7677,0,0,0,0,45.6327,45.6327,51.1129,51.1129,0,2.9601
4.164,0,8.8,8.8,8.7677,8.7677,0,0,0,0,45.6326,45.6326,51.1129,51.1129,0,2.9416
4.166,0,8.8,8.8,8.7677,8.7677,0,0,0,0,45.6326,45.6326,51.1129,51.1129,0,2.9232
4.168,0,8.8,8.8,8.7677,8.7677,0,0,0,0,45.6326,45.6326,51.1129,51.1129,0,2.9048
4.17,0,8.5359,8.5359,8.5046,8.5046,0,0,0,0,45.6326,45.6326,51.1129,51.1129,0,2.8863
4.172,0,8.5359,8.5359,8.5046,8.5046,0,0,0,0,45.6326,45.6326,51.1129,51.1129,0,2.8679
4.174,0,8.5359,8.5359,8.5046,8.5046,0,0,0,0,45.6326,45.6326,51.113,51.113,0,2.8494
4.176,0,8.5359,8.5359,8.5046,8.5046,0,0,0,0,45.6326,45.6326,51.113,51.113,0,2.831
4.178,0,8.5359,8.5359,8.5046,8.5046,0,0,0,0,45.6326,45.6326,51.113,51.113,0,2.8125
4.18,0,8.187,8.187,8.1566,8.1566,0,0,0,0,45.6326,45.6326,51.113,51.113,0,2.7941
4.182,0,8.187,8.187,8.1566,8.1566,0,0,0,0,45.6326,45.6326,51.113,51.113,0,2.7756
4.184,0,8.187,8.187,8.1566,8.1566,0,0,0,0,45.6326,45.6326,51.113,51.113,0,2.7572
4.186,0,8.187,8.187,8.1566,8.1566,0,0,0,0,45.6326,45.6326,51.113,51.113,0,2.7387
4.188,0,8.187,8.187,8.1566,8.1566,0,0,0,0,45.6326,45.6326,51.113,51.113,0,2.7203
4.19,0,7.9153,7.9153,7.886,7.886,0,0,0,0,45.6326,45.6326,51.113,51.113,0,2.7018
4.192,0,7.9153,7.9153,7.886,7.886,0,0,0,0,45.6325,45.6325,51.1131,51.1131,0,2.6834
4.194,0,7.9153,7.9153,7.886,7.886,0,0,0,0,45.6325,45.6325,51.1131,51.1131,0,2.6649
4.196,0,7.9153,7.9153,7.886,7.886,0,0,0,0,45.6325,45.6325,51.1131,51.1131,0,2.6465
4.198,0,7.9153,7.9153,7.886,7.886,0,0,0,0,45.6325,45.6325,51.1131,51.1131,0,2.628
4.2,0,7.5339,7.5339,7.5056,7.5056,0,0,0,0,45.6325,45.6325,51.1131,51.1131,0,2.6096
4.202,0,7.5339,7.5339,7.5056,7.5056,0,0,0,0,45.6325,45.6325,51.1131,51.1131,0,2.5911
4.204,0,7.5339,7.5339,7.5056,7.5056,0,0,0,0,45.6325,45.6325,51.1131,51.1131,0,2.5727
4.206,0,7.5339,7.5339,7.5056,7.5056,0,0,0,0,45.6325,45.6325,51.1131,51.1131,0,2.5542
4.208,0,7.5339,7.5339,7.5056,7.5056,0,0,0,0,45.6325,45.6325,51.1131,51.1131,0,2.5358
4.21,0,7.3376,7.3376,7.3103,7.3103,0,0,0,0,45.6325,45.6325,51.1132,51.1132,0,2.5173
4.212,0,7.3376,7.3376,7.3103,7.3103,0,0,0,0,45.6325,45.6325,51.1132,51.1132,0,2.4989
4.214,0,7.3376,7.3376,7.3103,7.3103,0,0,0,0,45.6325,45.6325,51.1132,51.1132,0,2.4804
4.216,0,7.3376,7.3376,7.3103,7.3103,0,0,0,0,45.6325,45.6325,51.1132,51.1132,0,2.462
4.218,0,7.3376,7.3376,7.3103,7.3103,0,0,0,0,45.6324,45.6324,51.1132,51.1132,0,2.4435
4.22,0,7.0764,7.0764,7.0501,7.0501,0,0,0,0,45.6324,45.6324,51.1132,51.1132,0,2.4251
4.222,0,7.0764,7.0764,7.0501,7.0501,0,0,0,0,45.6324,45.6324,51.1132,51.1132,0,2.4067
4.224,0,7.0764,7.0764,7.0501,7.0501,0,0,0,0,45.6324,45.6324,51.1132,51.1132,0,2.3882
4.226,0,7.0764,7.0764,7.0501,7.0501,0,0,0,0,45.6324,45.6324,51.1133,51.1133,0,2.3698
4.228,0,7.0764,7.0764,7.0501,7.0501,0,0,0,0,45.6324,45.6324,51.1133,51.1133,0,2.3513
4.23,0,6.6662,6.6662,6.6409,6.6409,0,0,0,0,45.6324,45.6324,51.1133,51.1133,0,2.3329
4.232,0,6.6662,6.6662,6.6409,6.6409,0,0,0,0,45.6324,45.6324,51.1133,51.1133,0,2.3144
4.234,0,6.6662,6.6662,6.6409,6.6409,0,0,0,0,45.6324,45.6324,51.1133,51.1133,0,2.296
4.236,0,6.6662,6.6662,6.6409,6.6409,0,0,0,0,45.6324,45.6324,51.1133,51.1133,0,2.2775
4.238,0,6.6662,6.6662,6.6409,6.6409,0,0,0,0,45.6324,45.6324,51.1133,51.1133,0,2.2591
4.24,0,6.5299,6.5299,6.5056,6.5056,0,0,0,0,45.6324,45.6324,51.1133,51.1133,0,2.2406
4.242,0,6.5299,6.5299,6.5056,6.5056,0,0,0,0,45.6324,45.6324,51.1133,51.1133,0,2.2222
4.244,0,6.5299,6.5299,6.5056,6.5056,0,0,0,0,45.6324,45.6324,51.1134,51.1134,0,2.2037
4.246,0,6.5299,6.5299,6.5056,6.5056,0,0,0,0,45.6323,45.6323,51.1134,51.1134,0,2.1853
4.248,0,6.5299,6.5299,6.5056,6.5056,0,0,0,0,45.6323,45.6323,51.1134,51.1134,0,2.1668
4.25,0,6.394,6.394,6.3707,6.3707,0,0,0,0,45.6323,45.6323,51.1134,51.1134,0,2.1484
4.252,0,6.394,6.394,6.3707,6.3707,0,0,0,0,45.6323,45.6323,51.1134,51.1134,0,2.1299
4.254,0,6.394,6.394,6.3707,6.3707,0,0,0,0,45.6323,45.6323,51.1134,51.1134,0,2.1115
4.256,0,6.394,6.394,6.3707,6.3707,0,0,0,0,45.6323,45.6323,51.1134,51.1134,0,2.093
4.258,0,6.394,6.394,6.3707,6.3707,0,0,0,0,45.6323,45.6323,51.1134,51.1134,0,2.0746
4.26,0,6.0482,6.0482,6.0259,6.0259,0,0,0,0,45.6323,45.6323,51.1135,51.1135,0,2.0561
4.262,0,6.0482,6.0482,6.0259,6.0259,0,0,0,0,45.6323,45.6323,51.1135,51.1135,0,2.0377
4.264,0,6.0482,6.0482,6.0259,6.0259,0,0,0,0,45.6323,45.6323,51.1135,51.1135,0,2.0192
4.266,0,6.0482,6.0482,6.0259,6.0259,0,0,0,0,45.6323,45.6323,51.1135,51.1135,0,2.0008
4.268,0,6.0482,6.0482,6.0259,6.0259,0,0,0,0,45.6323,45.6323,51.1135,51.1135,0,1.9824
4.27,0,5.7029,5.7029,5.6816,5.6816,0,0,0,0,45.6323,45.6323,51.1135,51.1135,0,1.9639
4.272,0,5.7029,5.7029,5.6816,5.6816,0,0,0,0,45.6322,45.6322,51.1135,51.1135,0,1.9455
4.274,0,5.7029,5.7029,5.6816,5.6816,0,0,0,0,45.6322,45.6322,51.1135,51.1135,0,1.927
4.276,0,5.7029,5.7029,5.6816,5.6816,0,0,0,0,45.6322,45.6322,51.1135,51.1135,0,1.9086
4.278,0,5.7029,5.7029,5.6816,5.6816,0,0,0,0,45.6322,45.6322,51.1136,51.1136,0,1.8901
4.28,0,5.489,5.489,5.4687,5.4687,0,0,0,0,45.6322,45.6322,51.1136,51.1136,0,1.8717
4.282,0,5.489,5.489,5.4687,5.4687,0,0,0,0,45.6322,45.6322,51.1136,51.1136,0,1.8532
4.284,0,5.489,5.489,5.4687,5.4687,0,0,0,0,45.6322,45.6322,51.1136,51.1136,0,1.8348
4.286,0,5.489,5.489,5.4687,5.4687,0,0,0,0,45.6322,45.6322,51.1136,51.1136,0,1.8163
4.288,0,5.489,5.489,5.4687,5.4687,0,0,0,0,45.6322,45.6322,51.1136,51.1136,0,1.7979
4.29,0,5.1925,5.1925,5.1732,5.1732,0,0,0,0,45.6322,45.6322,51.1136,51.1136,0,1.7794
4.292,0,5.1925,5.1925,5.1732,5.1732,0,0,0,0,45.6322,45.6322,51.1136,51.1136,0,1.761
4.294,0,5.1925,5.1925,5.1732,5.1732,0,0,0,0,45.6322,45.6322,51.1137,51.1137,0,1.7425
4.296,0,5.1925,5.1925,5.1732,5.1732,0,0,0,0,45.6322,45.6322,51.1137,51.1137,0,1.7241
4.298,0,5.1925,5.1925,5.1732,5.1732,0,0,0,0,45.6322,45.6322,51.1137,51.1137,0,1.7056
4.3,0,5.0909,5.0909,5.0726,5.0726,0,0,0,0,45.6321,45.6321,51.1137,51.1137,0,1.6872
4.302,0,5.0909,5.0909,5.0726,5.0726,0,0,0,0,45.6321,45.6321,51.1137,51.1137,0,1.6687
4.304,0,5.0909,5.0909,5.0726,5.0726,0,0,0,0,45.6321,45.6321,51.1137,51.1137,0,1.6503
4.306,0,5.0909,5.0909,5.0726,5.0726,0,0,0,0,45.6321,45.6321,51.1137,51.1137,0,1.6318
4.308,0,5.0909,5.0909,5.0726,5.0726,0,0,0,0,45.6321,45.6321,51.1137,51.1137,0,1.6134
4.31,0,4.7766,4.7766,4.7593,4.7593,0,0,0,0,45.6321,45.6321,51.1137,51.1137,0,1.595
4.312,0,4.7766,4.7766,4.7593,4.7593,0,0,0,0,45.6321,45.6321,51.1138,51.1138,0,1.5765
4.314,0,4.7766,4.7766,4.7593,4.7593,0,0,0,0,45.6321,45.6321,51.1138,51.1138,0,1.5581
4.316,0,4.7766,4.7766,4.7593,4.7593,0,0,0,0,45.6321,45.6321,51.1138,51.1138,0,1.5396
4.318,0,4.7766,4.7766,4.7593,4.7593,0,0,0,0,45.6321,45.6321,51.1138,51.1138,0,1.5212
4.32,0,4.3724,4.3724,4.3561,4.3561,0,0,0,0,45.6321,45.6321,51.1138,51.1138,0,1.5027
4.322,0,4.3724,4.3724,4.3561,4.3561,0,0,0,0,45.6321,45.6321,51.1138,51.1138,0,1.4843
4.324,0,4.3724,4.3724,4.3561,4.3561,0,0,0,0,45.6321,45.6321,51.1138,51.1138,0,1.4658
4.326,0,4.3724,4.3724,4.3561,4.3561,0,0,0,0,45.632,45.632,51.1138,51.1138,0,1.4474
4.328,0,4.3724,4.3724,4.3561,4.3561,0,0,0,0,45.632,45.632,51.1138,51.1138,0,1.4289
4.33,0,4.1784,4.1784,4.1631,4.1631,0,0,0,0,45.632,45.632,51.1139,51.1139,0,1.4105
4.332,0,4.1784,4.1784,4.1631,4.1631,0,0,0,0,45.632,45.632,51.1139,51.1139,0,1.392
4.334,0,4.1784,4.1784,4.1631,4.1631,0,0,0,0,45.632,45.632,51.1139,51.1139,0,1.3736
4.336,0,4.1784,4.1784,4.1631,4.1631,0,0,0,0,45.632,45.632,51.1139,51.1139,0,1.3551
4.338,0,4.1784,4.1784,4.1631,4.1631,0,0,0,0,45.632,45.632,51.1139,51.1139,0,1.3367
4.34,0,3.8446,3.8446,3.8302,3.8302,0,0,0,0,45.632,45.632,51.1139,51.1139,0,1.3182
4.342,0,3.8446,3.8446,3.8302,3.8302,0,0,0,0,45.632,45.632,51.1139,51.1139,0,1.2998
4.344,0,3.8446,3.8446,3.8302,3.8302,0,0,0,0,45.632,45.632,51.1139,51.1139,0,1.2813
4.346,0,3.8446,3.8446,3.8302,3.8302,0,0,0,0,45.632,45.632,51.114,51.114,0,1.2629
4.348,0,3.8446,3.8446,3.8302,3.8302,0,0,0,0,45.632,45.632,51.114,51.114,0,1.2444
4.35,0,3.8147,3.8147,3.8014,3.8014,0,0,0,0,45.632,45.632,51.114,51.114,0,1.226
4.352,0,3.8147,3.8147,3.8014,3.8014,0,0,0,0,45.632,45.632,51.114,51.114,0,1.2076
4.354,0,3.8147,3.8147,3.8014,3.8014,0,0,0,0,45.6319,45.6319,51.114,51.114,0,1.1891
4.356,0,3.8147,3.8147,3.8014,3.8014,0,0,0,0,45.6319,45.6319,51.114,51.114,0,1.1707
4.358,0,3.8147,3.8147,3.8014,3.8014,0,0,0,0,45.6319,45.6319,51.114,51.114,0,1.1522
4.36,0,3.3158,3.3158,3.3035,3.3035,0,0,0,0,45.6319,45.6319,51.114,51.114,0,1.1338
4.362,0,3.3158,3.3158,3.3035,3.3035,0,0,0,0,45.6319,45.6319,51.114,51.114,0,1.1153
4.364,0,3.3158,3.3158,3.3035,3.3035,0,0,0,0,45.6319,45.6319,51.1141,51.1141,0,1.0969
4.366,0,3.3158,3.3158,3.3035,3.3035,0,0,0,0,45.6319,45.6319,51.1141,51.1141,0,1.0784
4.368,0,3.3158,3.3158,3.3035,3.3035,0,0,0,0,45.6319,45.6319,51.1141,51.1141,0,1.06
4.37,0,2.9887,2.9887,2.9773,2.9773,0,0,0,0,45.6319,45.6319,51.1141,51.1141,0,1.0415
4.372,0,2.9887,2.9887,2.9773,2.9773,0,0,0,0,45.6319,45.6319,51.1141,51.1141,0,1.0231
4.374,0,2.9887,2.9887,2.9773,2.9773,0,0,0,0,45.6319,45.6319,51.1141,51.1141,0,1.0046
4.376,0,2.9887,2.9887,2.9773,2.9773,0,0,0,0,45.6319,45.6319,51.1141,51.1141,0,0.9862
4.378,0,2.9887,2.9887,2.9773,2.9773,0,0,0,0,45.6319,45.6319,51.1141,51.1141,0,0.9677
4.38,0,2.8824,2.8824,2.8721,2.8721,0,0,0,0,45.6318,45.6318,51.1142,51.1142,0,0.9493
4.382,0,2.8824,2.8824,2.8721,2.8721,0,0,0,0,45.6318,45.6318,51.1142,51.1142,0,0.9308
4.384,0,2.8824,2.8824,2.8721,2.8721,0,0,0,0,45.6318,45.6318,51.1142,51.1142,0,0.9124
4.386,0,2.8824,2.8824,2.8721,2.8721,0,0,0,0,45.6318,45.6318,51.1142,51.1142,0,0.894
4.388,0,2.8824,2.8824,2.8721,2.8721,0,0,0,0,45.6318,45.6318,51.1142,51.1142,0,0.8755
4.39,0,2.6547,2.6547,2.6454,2.6454,0,0,0,0,45.6318,45.6318,51.1142,51.1142,0,0.8571
4.392,0,2.6547,2.6547,2.6454,2.6454,0,0,0,0,45.6318,45.6318,51.1142,51.1142,0,0.8386
4.394,0,2.6547,2.6547,2.6454,2.6454,0,0,0,0,45.6318,45.6318,51.1142,51.1142,0,0.8202
4.396,0,2.6547,2.6547,2.6454,2.6454,0,0,0,0,45.6318,45.6318,51.1142,51.1142,0,0.8017
4.398,0,2.6547,2.6547,2.6454,2.6454,0,0,0,0,45.6318,45.6318,51.1143,51.1143,0,0.7833
4.4,0,2.0855,2.0855,2.0772,2.0772,0,0,0,0,45.6318,45.6318,51.1143,51.1143,0,0.7648
4.402,0,2.0855,2.0855,2.0772,2.0772,0,0,0,0,45.6318,45.6318,51.1143,51.1143,0,0.7464
4.404,0,2.0855,2.0855,2.0772,2.0772,0,0,0,0,45.6318,45.6318,51.1143,51.1143,0,0.7279
4.406,0,2.0855,2.0855,2.0772,2.0772,0,0,0,0,45.6318,45.6318,51.1143,51.1143,0,0.7095
4.408,0,2.0855,2.0855,2.0772,2.0772,0,0,0,0,45.6317,45.6317,51.1143,51.1143,0,0.691
4.41,0,0,0,0,0,0,0,0,0,45.6317,45.6317,51.1143,51.1143,0,0.6726
4.412,0,0,0,0,0,0,0,0,0,45.6317,45.6317,51.1143,51.1143,0,0.6541
4.414,0,0,0,0,0,0,0,0,0,45.6317,45.6317,51.1143,51.1143,0,0.6357
4.416,0,0,0,0,0,0,0,0,0,45.6317,45.6317,51.1144,51.1144,0,0.6172
4.418,0,0,0,0,0,0,0,0,0,45.6317,45.6317,51.1144,51.1144,0,0.5988
4.42,0,0,0,0,0,0,0,0,0,45.6317,45.6317,51.1144,51.1144,0,0.5803
4.422,0,0,0,0,0,0,0,0,0,45.6317,45.6317,51.1144,51.1144,0,0.5619
4.424,0,0,0,0,0,0,0,0,0,45.6317,45.6317,51.1144,51.1144,0,0.5435
4.426,0,0,0,0,0,0,0,0,0,45.6317,45.6317,51.1144,51.1144,0,0.525
4.428,0,0,0,0,0,0,0,0,0,45.6317,45.6317,51.1144,51.1144,0,0.5066
4.43,0,0,0,0,0,0,0,0,0,45.6317,45.6317,51.1144,51.1144,0,0.4881
4.432,0,0,0,0,0,0,0,0,0,45.6317,45.6317,51.1145,51.1145,0,0.4696
4.434,0,0,0,0,0,0,0,0,0,45.6317,45.6317,51.1145,51.1145,0,0.4511
4.436,0,0,0,0,0,0,0,0,0,45.6316,45.6316,51.1145,51.1145,0,0.4325
4.438,0,0,0,0,0,0,0,0,0,45.6316,45.6316,51.1145,51.1145,0,0.4139
4.44,0,0,0,0,0,0,0,0,0,45.6316,45.6316,51.1145,51.1145,0,0.3951
4.442,0,0,0,0,0,0,0,0,0,45.6316,45.6316,51.1145,51.1145,0,0.3761
4.444,0,0,0,0,0,0,0,0,0,45.6316,45.6316,51.1145,51.1145,0,0.3571
4.446,0,0,0,0,0,0,0,0,0,45.6316,45.6316,51.1145,51.1145,0,0.3379
4.448,0,0,0,0,0,0,0,0,0,45.6316,45.6316,51.1145,51.1145,0,0.3187
4.45,0,0,0,0,0,0,0,0,0,45.6316,45.6316,51.1146,51.1146,0,0.2993
4.452,0,0,0,0,0,0,0,0,0,45.6316,45.6316,51.1146,51.1146,0,0.2799
4.454,0,0,0,0,0,0,0,0,0,45.6316,45.6316,51.1146,51.1146,0,0.2606
4.456,0,0,0,0,0,0,0,0,0,45.6316,45.6316,51.1146,51.1146,0,0.2418
4.458,0,0,0,0,0,0,0,0,0,45.6317,45.6317,51.1144,51.1144,0,0.2235
4.46,0,0,0,0,0,0,0,0,0,45.6322,45.6322,51.1136,51.1136,0,0.2057
4.462,0,0,0,0,0,0,0,0,0,45.6334,45.6334,51.1117,51.1117,0,0.1885
4.464,0,0,0,0,0,0,0,0,0,45.6358,45.6358,51.108,51.108,0,0.1716
4.466,0,0,0,0,0,0,0,0,0,45.6397,45.6397,51.1018,51.1018,0,0.1549
4.468,0,0,0,0,0,0,0,0,0,45.6457,45.6457,51.0923,51.0923,0,0.1382
4.47,0,0,0,0,0,0,0,0,0,45.6541,45.6541,51.0791,51.0791,0,0.1213
4.472,0,0,0,0,0,0,0,0,0,45.6654,45.6654,51.0614,51.0614,0,0.1041
4.474,0,0,0,0,0,0,0,0,0,45.6797,45.6797,51.0389,51.0389,0,0.0867
4.476,0,0,0,0,0,0,0,0,0,45.6971,45.6971,51.0115,51.0115,0,0.069
4.478,0,0,0,0,0,0,0,0,0,45.7174,45.7174,50.9796,50.9796,0,0.0512
4.48,0,0,0,0,0,0,0,0,0,45.739,45.739,50.9455,50.9455,0,0.0334
4.482,0,0,0,0,0,0,0,0,0,45.7597,45.7597,50.9131,50.9131,0,0.0155
4.484,0,0,0,0,0,0,0,0,0,45.7764,45.7764,50.8867,50.8867,0,0
4.486,0,0,0,0,0,0,0,0,0,45.7868,45.7868,50.8704,50.8704,0,0
4.488,0,0,0,0,0,0,0,0,0,45.7887,45.7887,50.8675,50.8675,0,0
4.49,0,0,0,0,0,0,0,0,0,45.781,45.781,50.8795,50.8795,0,0
4.492,0,0,0,0,0,0,0,0,0,45.7639,45.7639,50.9064,50.9064,0,0
4.494,0,0,0,0,0,0,0,0,0,45.7386,45.7386,50.9462,50.9462,0,0
4.496,0,0,0,0,0,0,0,0,0,45.707,45.707,50.9959,50.9959,0,0
4.498,0,0,0,0,0,0,0,0,0,45.6714,45.6714,51.0519,51.0519,0,0
4.5,0,0,0,0,0,0,0,0,0,45.6339,45.6339,51.111,51.111,0,0
4.502,0,0,0,0,0,0,0,0,0,45.5961,45.5961,51.1704,51.1704,0,0
4.504,0,0,0,0,0,0,0,0,0,45.559,45.559,51.2287,51.2287,0,0
4.506,0,0,0,0,0,0,0,0,0,45.5232,45.5232,51.2851,51.2851,0,0
4.508,0,0,0,0,0,0,0,0,0,45.4884,45.4884,51.3398,51.3398,0,0
4.51,0,0,0,0,0,0,0,0,0,45.4543,45.4543,51.3934,51.3934,0,0
4.512,0,0,0,0,0,0,0,0,0,45.4201,45.4201,51.4473,51.4473,0,0
4.514,0,0,0,0,0,0,0,0,0,45.3847,45.3847,51.5029,51.5029,0,0
4.516,0,0,0,0,0,0,0,0,0,45.3473,45.3473,51.5618,51.5618,0,0
4.518,0,0,0,0,0,0,0,0,0,45.3067,45.3067,51.6257,51.6257,0,0
4.52,0,0,0,0,0,0,0,0,0,45.2618,45.2618,51.6964,51.6964,0,0
4.522,0,0,0,0,0,0,0,0,0,45.2112,45.2112,51.7758,51.7758,0,0
4.524,0,0,0,0,0,0,0,0,0,45.1539,45.1539,51.8661,51.8661,0,0
4.526,0,0,0,0,0,0,0,0,0,45.0883,45.0883,51.9693,51.9693,0,0
4.528,0,0,0,0,0,0,0,0,0,45.013,45.013,52.0876,52.0876,0,0
4.53,0,0,0,0,0,0,0,0,0,44.9267,44.9267,52.2234,52.2234,0,0
4.532,0,0,0,0,0,0,0,0,0,44.8281,44.8281,52.3785,52.3785,0,0
4.534,0,0,0,0,0,0,0,0,0,44.7158,44.7158,52.5552,52.5552,0,0
4.536,0,0,0,0,0,0,0,0,0,44.5886,44.5886,52.7553,52.7553,0,0
4.538,0,0,0,0,0,0,0,0,0,44.4454,44.4454,52.9805,52.9805,0,0
4.54,0.302,0,0,0,0,0,0,0,0,44.2852,44.2852,53.2326,53.2326,0,0
4.542,0.302,0,0,0,0,0,0,0,0,44.1069,44.1069,53.513,53.513,0,0
4.544,0.302,0,0,0,0,0,0,0,0,43.9098,43.9098,53.8231,53.8231,0,0
4.546,0.302,0,0,0,0,0,0,0,0,43.693,43.693,54.1641,54.1641,0,0
4.548,0.302,0,0,0,0,0,0,0,0,43.4559,43.4559,54.5371,54.5371,0,0
4.55,2.6038,0,0,0,0,0,0,0,0,43.1978,43.1978,54.9431,54.9431,0,0
4.552,2.6038,0,0,0,0,0,0,0,0,42.9183,42.9183,55.3829,55.3829,0,0
4.554,2.6038,0,0,0,0,0,0,0,0,42.6168,42.6168,55.8572,55.8572,0,0
4.556,2.6038,0,0,0,0,0,0,0,0,42.293,42.293,56.3665,56.3665,0,0
4.558,2.6038,0,0,0,0,0,0,0,0,41.9468,41.9468,56.9112,56.9112,0,0
4.56,4.6076,0,0,0,0,0,0,0,0,41.5778,41.5778,57.4916,57.4916,0,0
4.562,4.6076,0,0,0,0,0,0,0,0,41.1862,41.1862,58.1077,58.1077,0,0
4.564,4.6076,0,0,0,0,0,0,0,0,40.7719,40.7719,58.7594,58.7594,0,0
4.566,4.6076,0,0,0,0,0,0,0,0,40.3352,40.3352,59.4464,59.4464,0,0
4.568,4.6076,0,0,0,0,0,0,0,0,39.8764,39.8764,60.1682,60.1682,0,0
4.57,6.2463,0,0,0,0,0,0,0,0,39.3959,39.3959,60.9241,60.9241,0,0
4.572,6.2463,0,0,0,0,0,0,0,0,38.8943,38.8943,61.7131,61.7131,0,0
4.574,6.2463,0,0,0,0,0,0,0,0,38.3724,38.3724,62.5342,62.5342,0,0
4.576,6.2463,0,0,0,0,0,0,0,0,37.831,37.831,63.3858,63.3858,0,0
4.578,6.2463,0,0,0,0,0,0,0,0,37.2712,37.2712,64.2664,64.2664,0,0
4.58,7.3129,0,0,0,0,0,0,0,0,36.6942,36.6942,65.1741,65.1741,0,0
4.582,7.3129,0,0,0,0,0,0,0,0,36.1014,36.1014,66.1067,66.1067,0,0
4.584,7.3129,0,0,0,0,0,0,0,0,35.4941,35.4941,67.062,67.062,0,0
4.586,7.3129,0,0,0,0,0,0,0,0,34.874,34.874,68.0375,68.0375,0,0
4.588,7.3129,0,0,0,0,0,0,0,0,34.2428,34.2428,69.0304,69.0304,0,0
4.59,7.6199,0,0,0,0,0,0,0,0,33.6022,33.6022,70.0382,70.0382,0,0
4.592,7.6199,0,0,0,0,0,0,0,0,32.9541,32.9541,71.0577,71.0577,0,0
4.594,7.6199,0,0,0,0,0,0,0,0,32.3003,32.3003,72.0863,72.0863,0,0
4.596,7.6199,0,0,0,0,0,0,0,0,31.6427,31.6427,73.1207,73.1207,0,0
4.598,7.6199,0,0,0,0,0,0,0,0,30.9832,30.9832,74.1582,74.1582,0,0.0176
4.6,7.5795,0,0,0,0,0,0,0,0,30.3238,30.3238,75.1955,75.1955,0,0.0328
4.602,7.5795,0,0,0,0,0,0,0,0,29.6665,29.6665,76.2295,76.2295,0,0.0479
4.604,7.5795,0,0,0,0,0,0,0,0,29.0134,29.0134,77.2569,77.2569,0,0.0629
4.606,7.5795,0,0,0,0,0,0,0,0,28.3667,28.3667,78.2743,78.2743,0,0.0777
4.608,7.5795,0,0,0,0,0,0,0,0,27.7289,27.7289,79.2776,79.2776,0,0.0921
4.61,6.9194,0,0,0,0,0,0,0,0,27.1026,27.1026,80.2628,80.2628,0,0.1061
4.612,6.9194,0,0,0,0,0,0,0,0,26.4902,26.4902,81.2262,81.2262,0,0.1197
4.614,6.9194,0,0,0,0,0,0,0,0,25.8938,25.8938,82.1644,82.1644,0,0.1329
4.616,6.9194,0,0,0,0,0,0,0,0,25.3154,25.3154,83.0743,83.0743,0,0.1456
4.618,6.9194,0,0,0,0,0,0,0,0,24.7567,24.7567,83.9531,83.9531,0,0.1578
4.62,5.67,0,0,0,0,0,0,0,0,24.2194,24.2194,84.7985,84.7985,0,0.1694
4.622,5.67,0,0,0,0,0,0,0,0,23.7047,23.7047,85.6081,85.6081,0,0.1805
4.624,5.67,0,0,0,0,0,0,0,0,23.214,23.214,86.38,86.38,0,0.191
4.626,5.67,0,0,0,0,0,0,0,0,22.7484,22.7484,87.1124,87.1124,0,0.2009
4.628,5.67,0,0,0,0,0,0,0,0,22.3089,22.3089,87.8039,87.8039,0,0.2102
4.63,4.1288,0,0,0,0,0,0,0,0,21.8965,21.8965,88.4526,88.4526,0,0.2187
4.632,4.1288,0,0,0,0,0,0,0,0,21.5126,21.5126,89.0565,89.0565,0,0.2266
4.634,4.1288,0,0,0,0,0,0,0,0,21.1587,21.1587,89.6133,89.6133,0,0.2337
4.636,4.1288,0,0,0,0,0,0,0,0,20.8358,20.8358,90.1212,90.1212,0,0.2401
4.638,4.1288,0,0,0,0,0,0,0,0,20.5453,20.5453,90.5782,90.5782,0,0.2457
4.64,2.2041,0,0,0,0,0,0,0,0,20.2879,20.2879,90.983,90.983,0,0.2506
4.642,2.2041,0,0,0,0,0,0,0,0,20.0647,20.0647,91.3343,91.3343,0,0.2546
4.644,2.2041,0,0,0,0,0,0,0,0,19.8761,19.8761,91.6308,91.6308,0,0.2578
4.646,2.2041,0,0,0,0,0,0,0,0,19.7229,19.7229,91.872,91.872,0,0.2602
4.648,2.2041,0,0,0,0,0,0,0,0,19.6052,19.6052,92.0571,92.0571,0,0.2618
4.65,0.1686,0,0,0,0,0,0,0,0,19.5234,19.5234,92.1858,92.1858,0,0.2625
4.652,0.1686,0,0,0,0,0,0,0,0,19.4775,19.4775,92.2579,92.2579,0,0.2624
4.654,0.1686,0,0,0,0,0,0,0,0,19.4677,19.4677,92.2735,92.2735,0,0.2614
4.656,0.1686,0,0,0,0,0,0,0,0,19.4937,19.4937,92.2325,92.2325,0,0.2597
4.658,0.1686,0,0,0,0,0,0,0,0,19.5554,19.5554,92.1355,92.1355,0,0.2571
4.66,0,0,0,0,0,0,0,0,0,19.6524,19.6524,91.9828,91.9828,0,0.2537
4.662,0,0,0,0,0,0,0,0,0,19.7846,19.7846,91.7749,91.7749,0,0.2495
4.664,0,0,0,0,0,0,0,0,0,19.9512,19.9512,91.5127,91.5127,0,0.2446
4.666,0,0,0,0,0,0,0,0,0,20.1519,20.1519,91.197,91.197,0,0.2389
4.668,0,0,0,0,0,0,0,0,0,20.386,20.386,90.8288,90.8288,0,0.2326
4.67,0,0,0,0,0,0,0,0,0,20.6527,20.6527,90.4093,90.4093,0,0.2257
4.672,0,0,0,0,0,0,0,0,0,20.9511,20.9511,89.9398,89.9398,0,0.2183
4.674,0,0,0,0,0,0,0,0,0,21.2805,21.2805,89.4217,89.4217,0,0.2105
4.676,0,0,0,0,0,0,0,0,0,21.6397,21.6397,88.8566,88.8566,0,0.2024
4.678,0,0,0,0,0,0,0,0,0,22.0276,22.0276,88.2464,88.2464,0,0.1941
4.68,0,0,0,0,0,0,0,0,0,22.4429,22.4429,87.593,87.593,0,0.1856
4.682,0,0,0,0,0,0,0,0,0,22.8844,22.8844,86.8985,86.8985,0,0.1768
4.684,0,0,0,0,0,0,0,0,0,23.3507,23.3507,86.165,86.165,0,0.1679
4.686,0,0,0,0,0,0,0,0,0,23.8402,23.8402,85.3949,85.3949,0,0.1586
4.688,0,0,0,0,0,0,0,0,0,24.3515,24.3515,84.5907,84.5907,0,0.1491
4.69,0,0,0,0,0,0,0,0,0,24.8828,24.8828,83.7549,83.7549,0,0.1393
4.692,0,0,0,0,0,0,0,0,0,25.4323,25.4323,82.8904,82.8904,0,0.1291
4.694,0,0,0,0,0,0,0,0,0,25.9979,25.9979,82.0006,82.0006,0,0.1186
4.696,0,0,0,0,0,0,0,0,0,26.5771,26.5771,81.0895,81.0895,0,0.1078
4.698,0,0,0,0,0,0,0,0,0,27.167,27.167,80.1614,80.1614,0,0.0967
4.7,0,0,0,0,0,0,0,0,0,27.7647,27.7647,79.2213,79.2213,0,0.0852
4.702,0,0,0,0,0,0,0,0,0,28.3667,28.3667,78.2742,78.2742,0,0.0735
4.704,0,0,0,0,0,0,0,0,0,28.9699,28.9699,77.3254,77.3254,0,0.0616
4.706,0,0,0,0,0,0,0,0,0,29.5711,29.5711,76.3795,76.3795,0,0.0495
4.708,0,0,0,0,0,0,0,0,0,30.1676,30.1676,75.4411,75.4411,0,0.0373
4.71,0,0,0,0,0,0,0,0,0,30.7571,30.7571,74.5139,74.5139,0,0.0249
4.712,0,0,0,0,0,0,0,0,0,31.3375,31.3375,73.6008,73.6008,0,0.0125
4.714,0,0,0,0,0,0,0,0,0,31.9074,31.9074,72.7043,72.7043,0,0
4.716,0,0,0,0,0,0,0,0,0,32.4657,32.4657,71.826,71.826,0,0
4.718,0,0,0,0,0,0,0,0,0,33.0116,33.0116,70.9672,70.9672,0,0
4.72,0,0,0,0,0,0,0,0,0,33.5444,33.5444,70.129,70.129,0,0
4.722,0,0,0,0,0,0,0,0,0,34.0637,34.0637,69.3122,69.3122,0,0
4.724,0,0,0,0,0,0,0,0,0,34.5689,34.5689,68.5175,68.5175,0,0
4.726,0,0,0,0,0,0,0,0,0,35.0596,35.0596,67.7456,67.7456,0,0
4.728,0,0,0,0,0,0,0,0,0,35.5353,35.5353,66.9972,66.9972,0,0
4.73,0,0,0,0,0,0,0,0,0,35.9956,35.9956,66.2731,66.2731,0,0
4.732,0,0,0,0,0,0,0,0,0,36.4399,36.4399,65.5741,65.5741,0,0
4.734,0,0,0,0,0,0,0,0,0,36.8677,36.8677,64.9012,64.9012,0,0
4.736,0,0,0,0,0,0,0,0,0,37.2782,37.2782,64.2554,64.2554,0,0
4.738,0,0,0,0,0,0,0,0,0,37.6708,37.6708,63.6378,63.6378,0,0
4.74,0,0,0,0,0,0,0,0,0,38.0448,38.0448,63.0495,63.0495,0,0
4.742,0,0,0,0,0,0,0,0,0,38.3994,38.3994,62.4916,62.4916,0,0
4.744,0,0,0,0,0,0,0,0,0,38.7339,38.7339,61.9654,61.9654,0,0
4.746,0,0,0,0,0,0,0,0,0,39.0475,39.0475,61.4721,61.4721,0,0
4.748,0,0,0,0,0,0,0,0,0,39.3394,39.3394,61.013,61.013,0,0
4.75,0,0,0,0,0,0,0,0,0,39.6087,39.6087,60.5892,60.5892,0,0
4.752,0,0,0,0,0,0,0,0,0,39.8549,39.8549,60.202,60.202,0,0
4.754,0,0,0,0,0,0,0,0,0,40.077,40.077,59.8525,59.8525,0,0
4.756,0,0,0,0,0,0,0,0,0,40.2746,40.2746,59.5418,59.5418,0,0
4.758,0,0,0,0,0,0,0,0,0,40.4469,40.4469,59.2707,59.2707,0,0
4.76,0,0,0,0,0,0,0,0,0,40.5934,40.5934,59.0402,59.0402,0,0
4.762,0,0,0,0,0,0,0,0,0,40.7137,40.7137,58.851,58.851,0,0
4.764,0,0,0,0,0,0,0,0,0,40.8073,40.8073,58.7038,58.7038,0,0
4.766,0,0,0,0,0,0,0,0,0,40.8739,40.8739,58.5989,58.5989,0,0
4.768,0,0,0,0,0,0,0,0,0,40.9134,40.9134,58.5369,58.5369,0,0
4.77,0.2774,0,0,0,0,0,0,0,0,40.9255,40.9255,58.5178,58.5178,0,0
4.772,0.2774,0,0,0,0,0,0,0,0,40.9101,40.9101,58.542,58.542,0,0
4.774,0.2774,0,0,0,0,0,0,0,0,40.8673,40.8673,58.6093,58.6093,0,0
4.776,0.2774,0,0,0,0,0,0,0,0,40.7972,40.7972,58.7196,58.7196,0,0
4.778,0.2774,0,0,0,0,0,0,0,0,40.6999,40.6999,58.8727,58.8727,0,0
4.78,1.9415,0,0,0,0,0,0,0,0,40.5756,40.5756,59.0682,59.0682,0,0
4.782,1.9415,0,0,0,0,0,0,0,0,40.4246,40.4246,59.3057,59.3057,0,0
4.784,1.9415,0,0,0,0,0,0,0,0,40.2474,40.2474,59.5846,59.5846,0,0
4.786,1.9415,0,0,0,0,0,0,0,0,40.0442,40.0442,59.9041,59.9041,0,0
4.788,1.9415,0,0,0,0,0,0,0,0,39.8158,39.8158,60.2635,60.2635,0,0
4.79,3.4331,0,0,0,0,0,0,0,0,39.5625,39.5625,60.6619,60.6619,0,0
4.792,3.4331,0,0,0,0,0,0,0,0,39.2852,39.2852,61.0981,61.0981,0,0
4.794,3.4331,0,0,0,0,0,0,0,0,38.9845,38.9845,61.5711,61.5711,0,0
4.796,3.4331,0,0,0,0,0,0,0,0,38.6613,38.6613,62.0796,62.0796,0,0
4.798,3.4331,0,0,0,0,0,0,0,0,38.3164,38.3164,62.6221,62.6221,0,0
4.8,4.6288,0,0,0,0,0,0,0,0,37.9509,37.9509,63.1972,63.1972,0,0
4.802,4.6288,0,0,0,0,0,0,0,0,37.5657,37.5657,63.8031,63.8031,0,0
4.804,4.6288,0,0,0,0,0,0,0,0,37.162,37.162,64.4382,64.4382,0,0
4.806,4.6288,0,0,0,0,0,0,0,0,36.741,36.741,65.1005,65.1005,0,0
4.808,4.6288,0,0,0,0,0,0,0,0,36.304,36.304,65.7879,65.7879,0,0
4.81,5.4313,0,0,0,0,0,0,0,0,35.8523,35.8523,66.4985,66.4985,0,0
4.812,5.4313,0,0,0,0,0,0,0,0,35.3873,35.3873,67.23,67.23,0,0
4.814,5.4313,0,0,0,0,0,0,0,0,34.9105,34.9105,67.9801,67.9801,0,0
4.816,5.4313,0,0,0,0,0,0,0,0,34.4233,34.4233,68.7465,68.7465,0,0
4.818,5.4313,0,0,0,0,0,0,0,0,33.9274,33.9274,69.5266,69.5266,0,0
4.82,5.7757,0,0,0,0,0,0,0,0,33.4242,33.4242,70.3181,70.3181,0,0
4.822,5.7757,0,0,0,0,0,0,0,0,32.9154,32.9154,71.1185,71.1185,0,0
4.824,5.7757,0,0,0,0,0,0,0,0,32.4026,32.4026,71.9253,71.9253,0,0
4.826,5.7757,0,0,0,0,0,0,0,0,31.8874,31.8874,72.7358,72.7358,0,0.0106
4.828,5.7757,0,0,0,0,0,0,0,0,31.3713,31.3713,73.5476,73.5476,0,0.0221
4.83,5.6772,0,0,0,0,0,0,0,0,30.8561,30.8561,74.3582,74.3582,0,0.0335
4.832,5.6772,0,0,0,0,0,0,0,0,30.3432,30.3432,75.1649,75.1649,0,0.0447
4.834,5.6772,0,0,0,0,0,0,0,0,29.8344,29.8344,75.9654,75.9654,0,0.0558
4.836,5.6772,0,0,0,0,0,0,0,0,29.3312,29.3312,76.757,76.757,0,0.0667
4.838,5.6772,0,0,0,0,0,0,0,0,28.8352,28.8352,77.5372,77.5372,0,0.0773
4.84,5.084,0,0,0,0,0,0,0,0,28.3481,28.3481,78.3036,78.3036,0,0.0876
4.842,5.084,0,0,0,0,0,0,0,0,27.8712,27.8712,79.0536,79.0536,0,0.0976
4.844,5.084,0,0,0,0,0,0,0,0,27.4063,27.4063,79.785,79.785,0,0.1072
4.846,5.084,0,0,0,0,0,0,0,0,26.9548,26.9548,80.4954,80.4954,0,0.1165
4.848,5.084,0,0,0,0,0,0,0,0,26.518,26.518,81.1824,81.1824,0,0.1253
4.85,4.1013,0,0,0,0,0,0,0,0,26.0974,26.0974,81.8441,81.8441,0,0.1338
4.852,4.1013,0,0,0,0,0,0,0,0,25.6943,25.6943,82.4782,82.4782,0,0.1418
4.854,4.1013,0,0,0,0,0,0,0,0,25.3099,25.3099,83.0829,83.0829,0,0.1493
4.856,4.1013,0,0,0,0,0,0,0,0,24.9455,24.9455,83.6562,83.6562,0,0.1563
4.858,4.1013,0,0,0,0,0,0,0,0,24.6022,24.6022,84.1963,84.1963,0,0.1628
4.86,2.8411,0,0,0,0,0,0,0,0,24.2811,24.2811,84.7013,84.7013,0,0.1687
4.862,2.8411,0,0,0,0,0,0,0,0,23.9834,23.9834,85.1697,85.1697,0,0.1741
4.864,2.8411,0,0,0,0,0,0,0,0,23.7099,23.7099,85.6,85.6,0,0.179
4.866,2.8411,0,0,0,0,0,0,0,0,23.4615,23.4615,85.9907,85.9907,0,0.1832
4.868,2.8411,0,0,0,0,0,0,0,0,23.239,23.239,86.3407,86.3407,0,0.1868
4.87,1.3621,0,0,0,0,0,0,0,0,23.0431,23.0431,86.6488,86.6488,0,0.1899
4.872,1.3621,0,0,0,0,0,0,0,0,22.8744,22.8744,86.9143,86.9143,0,0.1923
4.874,1.3621,0,0,0,0,0,0,0,0,22.7332,22.7332,87.1363,87.1363,0,0.194
4.876,1.3621,0,0,0,0,0,0,0,0,22.6201,22.6201,87.3143,87.3143,0,0.1952
4.878,1.3621,0,0,0,0,0,0,0,0,22.5352,22.5352,87.4479,87.4479,0,0.1957
4.88,0,0,0,0,0,0,0,0,0,22.4786,22.4786,87.5368,87.5368,0,0.1955
4.882,0,0,0,0,0,0,0,0,0,22.4506,22.4506,87.581,87.581,0,0.1947
4.884,0,0,0,0,0,0,0,0,0,22.4509,22.4509,87.5804,87.5804,0,0.1933
4.886,0,0,0,0,0,0,0,0,0,22.4796,22.4796,87.5353,87.5353,0,0.1913
4.888,0,0,0,0,0,0,0,0,0,22.5364,22.5364,87.446,87.446,0,0.1886
4.89,0,0,0,0,0,0,0,0,0,22.621,22.621,87.3128,87.3128,0,0.1853
4.892,0,0,0,0,0,0,0,0,0,22.7332,22.7332,87.1364,87.1364,0,0.1814
4.894,0,0,0,0,0,0,0,0,0,22.8724,22.8724,86.9175,86.9175,0,0.177
4.896,0,0,0,0,0,0,0,0,0,23.0381,23.0381,86.6567,86.6567,0,0.172
4.898,0,0,0,0,0,0,0,0,0,23.2298,23.2298,86.3551,86.3551,0,0.1664
4.9,0,0,0,0,0,0,0,0,0,23.4469,23.4469,86.0137,86.0137,0,0.1603
4.902,0,0,0,0,0,0,0,0,0,23.6885,23.6885,85.6335,85.6335,0,0.1537
4.904,0,0,0,0,0,0,0,0,0,23.954,23.954,85.216,85.216,0,0.1466
4.906,0,0,0,0,0,0,0,0,0,24.2423,24.2423,84.7624,84.7624,0,0.139
4.908,0,0,0,0,0,0,0,0,0,24.5526,24.5526,84.2743,84.2743,0,0.131
4.91,0,0,0,0,0,0,0,0,0,24.8838,24.8838,83.7533,83.7533,0,0.1226
4.912,0,0,0,0,0,0,0,0,0,25.2348,25.2348,83.2011,83.2011,0,0.1138
4.914,0,0,0,0,0,0,0,0,0,25.6045,25.6045,82.6195,82.6195,0,0.1047
4.916,0,0,0,0,0,0,0,0,0,25.9916,25.9916,82.0105,82.0105,0,0.0952
4.918,0,0,0,0,0,0,0,0,0,26.3949,26.3949,81.3761,81.3761,0,0.0854
4.92,0,0,0,0,0,0,0,0,0,26.813,26.813,80.7184,80.7184,0,0.0754
4.922,0,0,0,0,0,0,0,0,0,27.2445,27.2445,80.0396,80.0396,0,0.0651
4.924,0,0,0,0,0,0,0,0,0,27.6879,27.6879,79.342,79.342,0,0.0546
4.926,0,0,0,0,0,0,0,0,0,28.142,28.142,78.6278,78.6278,0,0.044
4.928,0,0,0,0,0,0,0,0,0,28.605,28.605,77.8993,77.8993,0,0.0332
4.93,0,0,0,0,0,0,0,0,0,29.0756,29.0756,77.1591,77.1591,0,0.0224
4.932,0,0,0,0,0,0,0,0,0,29.5521,29.5521,76.4094,76.4094,0,0.0115
4.934,0,0,0,0,0,0,0,0,0,30.0331,30.0331,75.6528,75.6528,0,0
4.936,0,0,0,0,0,0,0,0,0,30.517,30.517,74.8916,74.8916,0,0
4.938,0,0,0,0,0,0,0,0,0,31.0022,31.0022,74.1284,74.1284,0,0
4.94,0,0,0,0,0,0,0,0,0,31.4871,31.4871,73.3655,73.3655,0,0
4.942,0,0,0,0,0,0,0,0,0,31.9703,31.9703,72.6053,72.6053,0,0
4.944,0,0,0,0,0,0,0,0,0,32.4502,32.4502,71.8504,71.8504,0,0
4.946,0,0,0,0,0,0,0,0,0,32.9253,32.9253,71.1031,71.1031,0,0
4.948,0,0,0,0,0,0,0,0,0,33.394,33.394,70.3657,70.3657,0,0
4.95,0,0,0,0,0,0,0,0,0,33.8549,33.8549,69.6407,69.6407,0,0
4.952,0,0,0,0,0,0,0,0,0,34.3065,34.3065,68.9302,68.9302,0,0
4.954,0,0,0,0,0,0,0,0,0,34.7474,34.7474,68.2367,68.2367,0,0
4.956,0,0,0,0,0,0,0,0,0,35.1761,35.1761,67.5622,67.5622,0,0
4.958,0,0,0,0,0,0,0,0,0,35.5914,35.5914,66.909,66.909,0,0
4.96,0,0,0,0,0,0,0,0,0,35.9918,35.9918,66.2791,66.2791,0,0
4.962,0,0,0,0,0,0,0,0,0,36.376,36.376,65.6747,65.6747,0,0
4.964,0,0,0,0,0,0,0,0,0,36.7428,36.7428,65.0976,65.0976,0,0
4.966,0,0,0,0,0,0,0,0,0,37.0911,37.0911,64.5497,64.5497,0,0
4.968,0,0,0,0,0,0,0,0,0,37.4196,37.4196,64.0329,64.0329,0,0
4.97,0,0,0,0,0,0,0,0,0,37.7273,37.7273,63.5488,63.5488,0,0
4.972,0,0,0,0,0,0,0,0,0,38.0133,38.0133,63.0991,63.0991,0,0
4.974,0,0,0,0,0,0,0,0,0,38.2764,38.2764,62.6851,62.6851,0,0
4.976,0,0,0,0,0,0,0,0,0,38.516,38.516,62.3083,62.3083,0,0
4.978,0,0,0,0,0,0,0,0,0,38.7312,38.7312,61.9697,61.9697,0,0
4.98,0,0,0,0,0,0,0,0,0,38.9213,38.9213,61.6706,61.6706,0,0
4.982,0,0,0,0,0,0,0,0,0,39.0859,39.0859,61.4117,61.4117,0,0
4.984,0,0,0,0,0,0,0,0,0,39.2244,39.2244,61.1938,61.1938,0,0
4.986,0,0,0,0,0,0,0,0,0,39.3364,39.3364,61.0176,61.0176,0,0
4.988,0,0,0,0,0,0,0,0,0,39.4217,39.4217,60.8834,60.8834,0,0
4.99,0.2405,0,0,0,0,0,0,0,0,39.48,39.48,60.7917,60.7917,0,0
4.992,0.2405,0,0,0,0,0,0,0,0,39.5113,39.5113,60.7425,60.7425,0,0
4.994,0.2405,0,0,0,0,0,0,0,0,39.5155,39.5155,60.7359,60.7359,0,0
4.996,0.2405,0,0,0,0,0,0,0,0,39.4927,39.4927,60.7718,60.7718,0,0
4.998,0.2405,0,0,0,0,0,0,0,0,39.4431,39.4431,60.8498,60.8498,0,0
5,1.7157,0,0,0,0,0,0,0,0,39.3669,39.3669,60.9697,60.9697,0,0
5.002,1.7157,0,0,0,0,0,0,0,0,39.2644,39.2644,61.1309,61.1309,0,0
5.004,1.7157,0,0,0,0,0,0,0,0,39.136,39.136,61.3328,61.3328,0,0
5.006,1.7157,0,0,0,0,0,0,0,0,38.9823,38.9823,61.5747,61.5747,0,0
5.008,1.7157,0,0,0,0,0,0,0,0,38.8037,38.8037,61.8556,61.8556,0,0
5.01,3.0199,0,0,0,0,0,0,0,0,38.601,38.601,62.1745,62.1745,0,0
5.012,3.0199,0,0,0,0,0,0,0,0,38.3747,38.3747,62.5305,62.5305,0,0
5.014,3.0199,0,0,0,0,0,0,0,0,38.1257,38.1257,62.9222,62.9222,0,0
5.016,3.0199,0,0,0,0,0,0,0,0,37.8548,37.8548,63.3483,63.3483,0,0
5.018,3.0199,0,0,0,0,0,0,0,0,37.563,37.563,63.8075,63.8075,0,0
5.02,4.0652,0,0,0,0,0,0,0,0,37.2511,37.2511,64.298,64.298,0,0
5.022,4.0652,0,0,0,0,0,0,0,0,36.9203,36.9203,64.8185,64.8185,0,0
5.024,4.0652,0,0,0,0,0,0,0,0,36.5716,36.5716,65.3669,65.3669,0,0
5.026,4.0652,0,0,0,0,0,0,0,0,36.2063,36.2063,65.9416,65.9416,0,0
5.028,4.0652,0,0,0,0,0,0,0,0,35.8256,35.8256,66.5406,66.5406,0,0
5.03,4.7959,0,0,0,0,0,0,0,0,35.4307,35.4307,67.1618,67.1618,0,0
5.032,4.7959,0,0,0,0,0,0,0,0,35.0229,35.0229,67.8032,67.8032,0,0
5.034,4.7959,0,0,0,0,0,0,0,0,34.6037,34.6037,68.4627,68.4627,0,0
5.036,4.7959,0,0,0,0,0,0,0,0,34.1745,34.1745,69.1379,69.1379,0,0
5.038,4.7959,0,0,0,0,0,0,0,0,33.7367,33.7367,69.8267,69.8267,0,0
5.04,5.125,0,0,0,0,0,0,0,0,33.2917,33.2917,70.5267,70.5267,0,0
5.042,5.125,0,0,0,0,0,0,0,0,32.841,32.841,71.2356,71.2356,0,0
5.044,5.125,0,0,0,0,0,0,0,0,32.3862,32.3862,71.9511,71.9511,0,0
5.046,5.125,0,0,0,0,0,0,0,0,31.9287,31.9287,72.6708,72.6708,0,0.0101
5.048,5.125,0,0,0,0,0,0,0,0,31.47,31.47,73.3923,73.3923,0,0.0203
5.05,5.029,0,0,0,0,0,0,0,0,31.0116,31.0116,74.1135,74.1135,0,0.0304
5.052,5.029,0,0,0,0,0,0,0,0,30.555,30.555,74.8317,74.8317,0,0.0403
5.054,5.029,0,0,0,0,0,0,0,0,30.1017,30.1017,75.5449,75.5449,0,0.0501
5.056,5.029,0,0,0,0,0,0,0,0,29.653,29.653,76.2507,76.2507,0,0.0597
5.058,5.029,0,0,0,0,0,0,0,0,29.2105,29.2105,76.9468,76.9468,0,0.0691
5.06,4.4938,0,0,0,0,0,0,0,0,28.7756,28.7756,77.6309,77.6309,0,0.0783
5.062,4.4938,0,0,0,0,0,0,0,0,28.3497,28.3497,78.301,78.301,0,0.0871
5.064,4.4938,0,0,0,0,0,0,0,0,27.9341,27.9341,78.9548,78.9548,0,0.0957
5.066,4.4938,0,0,0,0,0,0,0,0,27.5301,27.5301,79.5903,79.5903,0,0.1039
5.068,4.4938,0,0,0,0,0,0,0,0,27.1391,27.1391,80.2053,80.2053,0,0.1117
5.07,3.6322,0,0,0,0,0,0,0,0,26.7623,26.7623,80.7981,80.7981,0,0.1192
5.072,3.6322,0,0,0,0,0,0,0,0,26.401,26.401,81.3666,81.3666,0,0.1263
5.074,3.6322,0,0,0,0,0,0,0,0,26.0562,26.0562,81.909,81.909,0,0.1329
5.076,3.6322,0,0,0,0,0,0,0,0,25.7291,25.7291,82.4236,82.4236,0,0.1391
5.078,3.6322,0,0,0,0,0,0,0,0,25.4207,25.4207,82.9086,82.9086,0,0.1449
5.08,2.5105,0,0,0,0,0,0,0,0,25.1321,25.1321,83.3626,83.3626,0,0.1501
5.082,2.5105,0,0,0,0,0,0,0,0,24.8642,24.8642,83.7841,83.7841,0,0.1549
5.084,2.5105,0,0,0,0,0,0,0,0,24.6178,24.6178,84.1717,84.1717,0,0.1591
5.086,2.5105,0,0,0,0,0,0,0,0,24.3938,24.3938,84.5241,84.5241,0,0.1628
5.088,2.5105,0,0,0,0,0,0,0,0,24.1928,24.1928,84.8402,84.8402,0,0.166
5.09,1.1905,0,0,0,0,0,0,0,0,24.0155,24.0155,85.1192,85.1192,0,0.1686
5.092,1.1905,0,0,0,0,0,0,0,0,23.8623,23.8623,85.3601,85.3601,0,0.1707
5.094,1.1905,0,0,0,0,0,0,0,0,23.7338,23.7338,85.5623,85.5623,0,0.1722
5.096,1.1905,0,0,0,0,0,0,0,0,23.6302,23.6302,85.7252,85.7252,0,0.1732
5.098,1.1905,0,0,0,0,0,0,0,0,23.5519,23.5519,85.8485,85.8485,0,0.1736
5.1,0,0,0,0,0,0,0,0,0,23.4989,23.4989,85.9318,85.9318,0,0.1734
5.102,0,0,0,0,0,0,0,0,0,23.4714,23.4714,85.9751,85.9751,0,0.1726
5.104,0,0,0,0,0,0,0,0,0,23.4693,23.4693,85.9784,85.9784,0,0.1713
5.106,0,0,0,0,0,0,0,0,0,23.4927,23.4927,85.9417,85.9417,0,0.1694
5.108,0,0,0,0,0,0,0,0,0,23.5412,23.5412,85.8653,85.8653,0,0.167
5.11,0,0,0,0,0,0,0,0,0,23.6147,23.6147,85.7496,85.7496,0,0.164
5.112,0,0,0,0,0,0,0,0,0,23.7129,23.7129,85.5951,85.5951,0,0.1605
5.114,0,0,0,0,0,0,0,0,0,23.8354,23.8354,85.4025,85.4025,0,0.1565
5.116,0,0,0,0,0,0,0,0,0,23.9817,23.9817,85.1723,85.1723,0,0.152
5.118,0,0,0,0,0,0,0,0,0,24.1514,24.1514,84.9055,84.9055,0,0.147
5.12,0,0,0,0,0,0,0,0,0,24.3437,24.3437,84.6029,84.6029,0,0.1416
5.122,0,0,0,0,0,0,0,0,0,24.558,24.558,84.2657,84.2657,0,0.1356
5.124,0,0,0,0,0,0,0,0,0,24.7937,24.7937,83.895,83.895,0,0.1293
5.126,0,0,0,0,0,0,0,0,0,25.0498,25.0498,83.4921,83.4921,0,0.1225
5.128,0,0,0,0,0,0,0,0,0,25.3256,25.3256,83.0583,83.0583,0,0.1154
5.13,0,0,0,0,0,0,0,0,0,25.62,25.62,82.5951,82.5951,0,0.1079
5.132,0,0,0,0,0,0,0,0,0,25.9322,25.9322,82.104,82.104,0,0.1001
5.134,0,0,0,0,0,0,0,0,0,26.261,26.261,81.5868,81.5868,0,0.0919
5.136,0,0,0,0,0,0,0,0,0,26.6053,26.6053,81.0452,81.0452,0,0.0835
5.138,0,0,0,0,0,0,0,0,0,26.964,26.964,80.4809,80.4809,0,0.0748
5.14,0,0,0,0,0,0,0,0,0,27.3358,27.3358,79.8959,79.8959,0,0.0659
5.142,0,0,0,0,0,0,0,0,0,27.7196,27.7196,79.2921,79.2921,0,0.0567
5.144,0,0,0,0,0,0,0,0,0,28.1141,28.1141,78.6716,78.6716,0,0.0474
5.146,0,0,0,0,0,0,0,0,0,28.5179,28.5179,78.0364,78.0364,0,0.038
5.148,0,0,0,0,0,0,0,0,0,28.9297,28.9297,77.3886,77.3886,0,0.0285
5.15,0,0,0,0,0,0,0,0,0,29.3481,29.3481,76.7303,76.7303,0,0.0188
5.152,0,0,0,0,0,0,0,0,0,29.7718,29.7718,76.0638,76.0638,0,0
5.154,0,0,0,0,0,0,0,0,0,30.1994,30.1994,75.3911,75.3911,0,0
5.156,0,0,0,0,0,0,0,0,0,30.6295,30.6295,74.7146,74.7146,0,0
5.158,0,0,0,0,0,0,0,0,0,31.0607,31.0607,74.0363,74.0363,0,0
5.16,0,0,0,0,0,0,0,0,0,31.4915,31.4915,73.3585,73.3585,0,0
5.162,0,0,0,0,0,0,0,0,0,31.9207,31.9207,72.6834,72.6834,0,0
5.164,0,0,0,0,0,0,0,0,0,32.3468,32.3468,72.0131,72.0131,0,0
5.166,0,0,0,0,0,0,0,0,0,32.7684,32.7684,71.3498,71.3498,0,0
5.168,0,0,0,0,0,0,0,0,0,33.1843,33.1843,70.6956,70.6956,0,0
5.17,0,0,0,0,0,0,0,0,0,33.5931,33.5931,70.0526,70.0526,0,0
5.172,0,0,0,0,0,0,0,0,0,33.9934,33.9934,69.4228,69.4228,0,0
5.174,0,0,0,0,0,0,0,0,0,34.384,34.384,68.8084,68.8084,0,0
5.176,0,0,0,0,0,0,0,0,0,34.7636,34.7636,68.2112,68.2112,0,0
5.178,0,0,0,0,0,0,0,0,0,35.131,35.131,67.6332,67.6332,0,0
5.18,0,0,0,0,0,0,0,0,0,35.4851,35.4851,67.0761,67.0761,0,0
5.182,0,0,0,0,0,0,0,0,0,35.8247,35.8247,66.5419,66.5419,0,0
5.184,0,0,0,0,0,0,0,0,0,36.1487,36.1487,66.0323,66.0323,0,0
5.186,0,0,0,0,0,0,0,0,0,36.456,36.456,65.5488,65.5488,0,0
5.188,0,0,0,0,0,0,0,0,0,36.7457,36.7457,65.093,65.093,0,0
5.19,0,0,0,0,0,0,0,0,0,37.0169,37.0169,64.6665,64.6665,0,0
5.192,0,0,0,0,0,0,0,0,0,37.2686,37.2686,64.2706,64.2706,0,0
5.194,0,0,0,0,0,0,0,0,0,37.5,37.5,63.9065,63.9065,0,0
5.196,0,0,0,0,0,0,0,0,0,37.7104,37.7104,63.5754,63.5754,0,0
5.198,0,0,0,0,0,0,0,0,0,37.8992,37.8992,63.2784,63.2784,0,0
5.2,0,0,0,0,0,0,0,0,0,38.0658,38.0658,63.0164,63.0164,0,0
5.202,0,0,0,0,0,0,0,0,0,38.2096,38.2096,62.7901,62.7901,0,0
5.204,0,0,0,0,0,0,0,0,0,38.3303,38.3303,62.6003,62.6003,0,0
5.206,0,0,0,0,0,0,0,0,0,38.4275,38.4275,62.4474,62.4474,0,0
5.208,0,0,0,0,0,0,0,0,0,38.501,38.501,62.3319,62.3319,0,0
5.21,0.241,0,0,0,0,0,0,0,0,38.5505,38.5505,62.254,62.254,0,0
5.212,0.241,0,0,0,0,0,0,0,0,38.576,38.576,62.2139,62.2139,0,0
5.214,0.241,0,0,0,0,0,0,0,0,38.5774,38.5774,62.2115,62.2115,0,0
5.216,0.241,0,0,0,0,0,0,0,0,38.555,38.555,62.2469,62.2469,0,0
5.218,0.241,0,0,0,0,0,0,0,0,38.5086,38.5086,62.3198,62.3198,0,0
5.22,1.546,0,0,0,0,0,0,0,0,38.4387,38.4387,62.4298,62.4298,0,0
5.222,1.546,0,0,0,0,0,0,0,0,38.3455,38.3455,62.5764,62.5764,0,0
5.224,1.546,0,0,0,0,0,0,0,0,38.2293,38.2293,62.7592,62.7592,0,0
5.226,1.546,0,0,0,0,0,0,0,0,38.0906,38.0906,62.9774,62.9774,0,0
5.228,1.546,0,0,0,0,0,0,0,0,37.9299,37.9299,63.2303,63.2303,0,0
5.23,2.7153,0,0,0,0,0,0,0,0,37.7477,37.7477,63.5169,63.5169,0,0
5.232,2.7153,0,0,0,0,0,0,0,0,37.5447,37.5447,63.8362,63.8362,0,0
5.234,2.7153,0,0,0,0,0,0,0,0,37.3216,37.3216,64.1872,64.1872,0,0
5.236,2.7153,0,0,0,0,0,0,0,0,37.0791,37.0791,64.5687,64.5687,0,0
5.238,2.7153,0,0,0,0,0,0,0,0,36.8181,36.8181,64.9793,64.9793,0,0
5.24,3.6392,0,0,0,0,0,0,0,0,36.5394,36.5394,65.4176,65.4176,0,0
5.242,3.6392,0,0,0,0,0,0,0,0,36.244,36.244,65.8823,65.8823,0,0
5.244,3.6392,0,0,0,0,0,0,0,0,35.9329,35.9329,66.3717,66.3717,0,0
5.246,3.6392,0,0,0,0,0,0,0,0,35.6072,35.6072,66.8841,66.8841,0,0
5.248,3.6392,0,0,0,0,0,0,0,0,35.2679,35.2679,67.4179,67.4179,0,0
5.25,4.2612,0,0,0,0,0,0,0,0,34.9161,34.9161,67.9713,67.9713,0,0
5.252,4.2612,0,0,0,0,0,0,0,0,34.5531,34.5531,68.5423,68.5423,0,0
5.254,4.2612,0,0,0,0,0,0,0,0,34.1801,34.1801,69.1291,69.1291,0,0
5.256,4.2612,0,0,0,0,0,0,0,0,33.7983,33.7983,69.7297,69.7297,0,0
5.258,4.2612,0,0,0,0,0,0,0,0,33.409,33.409,70.3421,70.3421,0,0
5.26,4.5336,0,0,0,0,0,0,0,0,33.0135,33.0135,70.9643,70.9643,0,0
5.262,4.5336,0,0,0,0,0,0,0,0,32.6131,32.6131,71.5942,71.5942,0,0
5.264,4.5336,0,0,0,0,0,0,0,0,32.2091,32.2091,72.2297,72.2297,0,0
5.266,4.5336,0,0,0,0,0,0,0,0,31.8029,31.8029,72.8687,72.8687,0,0.0103
5.268,4.5336,0,0,0,0,0,0,0,0,31.3958,31.3958,73.5092,73.5092,0,0.0193
5.27,4.4413,0,0,0,0,0,0,0,0,30.9891,30.9891,74.149,74.149,0,0.0283
5.272,4.4413,0,0,0,0,0,0,0,0,30.5841,30.5841,74.786,74.786,0,0.0371
5.274,4.4413,0,0,0,0,0,0,0,0,30.1822,30.1822,75.4183,75.4183,0,0.0458
5.276,4.4413,0,0,0,0,0,0,0,0,29.7846,29.7846,76.0437,76.0437,0,0.0543
5.278,4.4413,0,0,0,0,0,0,0,0,29.3927,29.3927,76.6603,76.6603,0,0.0626
5.28,3.9844,0,0,0,0,0,0,0,0,29.0076,29.0076,77.266,77.266,0,0.0707
5.282,3.9844,0,0,0,0,0,0,0,0,28.6307,28.6307,77.859,77.859,0,0.0785
5.284,3.9844,0,0,0,0,0,0,0,0,28.2631,28.2631,78.4372,78.4372,0,0.0861
5.286,3.9844,0,0,0,0,0,0,0,0,27.906,27.906,78.999,78.999,0,0.0933
5.288,3.9844,0,0,0,0,0,0,0,0,27.5606,27.5606,79.5424,79.5424,0,0.1002
5.29,3.2097,0,0,0,0,0,0,0,0,27.2279,27.2279,80.0657,80.0657,0,0.1068
5.292,3.2097,0,0,0,0,0,0,0,0,26.909,26.909,80.5673,80.5673,0,0.1131
5.294,3.2097,0,0,0,0,0,0,0,0,26.605,26.605,81.0455,81.0455,0,0.1189
5.296,3.2097,0,0,0,0,0,0,0,0,26.3168,26.3168,81.4989,81.4989,0,0.1243
5.298,3.2097,0,0,0,0,0,0,0,0,26.0454,26.0454,81.9259,81.9259,0,0.1294
5.3,2.1887,0,0,0,0,0,0,0,0,25.7916,25.7916,82.3251,82.3251,0,0.134
5.302,2.1887,0,0,0,0,0,0,0,0,25.5563,25.5563,82.6954,82.6954,0,0.1381
5.304,2.1887,0,0,0,0,0,0,0,0,25.3401,25.3401,83.0354,83.0354,0,0.1418
5.306,2.1887,0,0,0,0,0,0,0,0,25.1438,25.1438,83.3442,83.3442,0,0.145
5.308,2.1887,0,0,0,0,0,0,0,0,24.968,24.968,83.6208,83.6208,0,0.1478
5.31,1.0122,0,0,0,0,0,0,0,0,24.8132,24.8132,83.8643,83.8643,0,0.15
5.312,1.0122,0,0,0,0,0,0,0,0,24.6799,24.6799,84.0739,84.0739,0,0.1518
5.314,1.0122,0,0,0,0,0,0,0,0,24.5685,24.5685,84.2492,84.2492,0,0.1531
5.316,1.0122,0,0,0,0,0,0,0,0,24.4792,24.4792,84.3896,84.3896,0,0.1538
5.318,1.0122,0,0,0,0,0,0,0,0,24.4124,24.4124,84.4948,84.4948,0,0.1541
5.32,0,0,0,0,0,0,0,0,0,24.3681,24.3681,84.5645,84.5645,0,0.1538
5.322,0,0,0,0,0,0,0,0,0,24.3464,24.3464,84.5986,84.5986,0,0.1531
5.324,0,0,0,0,0,0,0,0,0,24.3474,24.3474,84.5971,84.5971,0,0.1518
5.326,0,0,0,0,0,0,0,0,0,24.3709,24.3709,84.5601,84.5601,0,0.15
5.328,0,0,0,0,0,0,0,0,0,24.4168,24.4168,84.4879,84.4879,0,0.1478
5.33,0,0,0,0,0,0,0,0,0,24.485,24.485,84.3807,84.3807,0,0.1451
5.332,0,0,0,0,0,0,0,0,0,24.575,24.575,84.239,84.239,0,0.1419
5.334,0,0,0,0,0,0,0,0,0,24.6867,24.6867,84.0633,84.0633,0,0.1383
5.336,0,0,0,0,0,0,0,0,0,24.8195,24.8195,83.8544,83.8544,0,0.1342
5.338,0,0,0,0,0,0,0,0,0,24.973,24.973,83.613,83.613,0,0.1297
5.34,0,0,0,0,0,0,0,0,0,25.1466,25.1466,83.3399,83.3399,0,0.1248
5.342,0,0,0,0,0,0,0,0,0,25.3397,25.3397,83.036,83.036,0,0.1194
5.344,0,0,0,0,0,0,0,0,0,25.5517,25.5517,82.7025,82.7025,0,0.1137
5.346,0,0,0,0,0,0,0,0,0,25.7819,25.7819,82.3405,82.3405,0,0.1077
5.348,0,0,0,0,0,0,0,0,0,26.0293,26.0293,81.9512,81.9512,0,0.1013
5.35,0,0,0,0,0,0,0,0,0,26.2933,26.2933,81.5359,81.5359,0,0.0946
5.352,0,0,0,0,0,0,0,0,0,26.5729,26.5729,81.0961,81.0961,0,0.0876
5.354,0,0,0,0,0,0,0,0,0,26.8671,26.8671,80.6333,80.6333,0,0.0803
5.356,0,0,0,0,0,0,0,0,0,27.175,27.175,80.1489,80.1489,0,0.0727
5.358,0,0,0,0,0,0,0,0,0,27.4955,27.4955,79.6447,79.6447,0,0.065
5.36,0,0,0,0,0,0,0,0,0,27.8276,27.8276,79.1223,79.1223,0,0.057
5.362,0,0,0,0,0,0,0,0,0,28.1701,28.1701,78.5835,78.5835,0,0.0489
5.364,0,0,0,0,0,0,0,0,0,28.5219,28.5219,78.03,78.03,0,0.0406
5.366,0,0,0,0,0,0,0,0,0,28.8819,28.8819,77.4638,77.4638,0,0.0323
5.368,0,0,0,0,0,0,0,0,0,29.2487,29.2487,76.8867,76.8867,0,0.0238
5.37,0,0,0,0,0,0,0,0,0,29.6213,29.6213,76.3005,76.3005,0,0.0152
5.372,0,0,0,0,0,0,0,0,0,29.9984,29.9984,75.7073,75.7073,0,0
5.374,0,0,0,0,0,0,0,0,0,30.3788,30.3788,75.109,75.109,0,0
5.376,0,0,0,0,0,0,0,0,0,30.7611,30.7611,74.5076,74.5076,0,0
5.378,0,0,0,0,0,0,0,0,0,31.1442,31.1442,73.9049,73.9049,0,0
5.38,0,0,0,0,0,0,0,0,0,31.5268,31.5268,73.303,73.303,0,0
5.382,0,0,0,0,0,0,0,0,0,31.9078,31.9078,72.7037,72.7037,0,0
5.384,0,0,0,0,0,0,0,0,0,32.2857,32.2857,72.1092,72.1092,0,0
5.386,0,0,0,0,0,0,0,0,0,32.6595,32.6595,71.5212,71.5212,0,0
5.388,0,0,0,0,0,0,0,0,0,33.0279,33.0279,70.9416,70.9416,0,0
5.39,0,0,0,0,0,0,0,0,0,33.3898,33.3898,70.3724,70.3724,0,0
5.392,0,0,0,0,0,0,0,0,0,33.7439,33.7439,69.8153,69.8153,0,0
5.394,0,0,0,0,0,0,0,0,0,34.0891,34.0891,69.2722,69.2722,0,0
5.396,0,0,0,0,0,0,0,0,0,34.4244,34.4244,68.7447,68.7447,0,0
5.398,0,0,0,0,0,0,0,0,0,34.7487,34.7487,68.2346,68.2346,0,0
5.4,0,0,0,0,0,0,0,0,0,35.0609,35.0609,67.7435,67.7435,0,0
5.402,0,0,0,0,0,0,0,0,0,35.36,35.36,67.273,67.273,0,0
5.404,0,0,0,0,0,0,0,0,0,35.6451,35.6451,66.8245,66.8245,0,0
5.406,0,0,0,0,0,0,0,0,0,35.9152,35.9152,66.3995,66.3995,0,0
5.408,0,0,0,0,0,0,0,0,0,36.1695,36.1695,65.9995,65.9995,0,0
5.41,0,0,0,0,0,0,0,0,0,36.4072,36.4072,65.6256,65.6256,0,0
5.412,0,0,0,0,0,0,0,0,0,36.6275,36.6275,65.279,65.279,0,0
5.414,0,0,0,0,0,0,0,0,0,36.8297,36.8297,64.9609,64.9609,0,0
5.416,0,0,0,0,0,0,0,0,0,37.0132,37.0132,64.6722,64.6722,0,0
5.418,0,0,0,0,0,0,0,0,0,37.1774,37.1774,64.4139,64.4139,0,0
5.42,0,0,0,0,0,0,0,0,0,37.3218,37.3218,64.1867,64.1867,0,0
5.422,0,0,0,0,0,0,0,0,0,37.446,37.446,63.9914,63.9914,0,0
5.424,0,0,0,0,0,0,0,0,0,37.5496,37.5496,63.8284,63.8284,0,0
5.426,0,0,0,0,0,0,0,0,0,37.6323,37.6323,63.6983,63.6983,0,0
5.428,0,0,0,0,0,0,0,0,0,37.6939,37.6939,63.6014,63.6014,0,0
5.43,0.2431,0,0,0,0,0,0,0,0,37.7343,37.7343,63.5379,63.5379,0,0
5.432,0.2431,0,0,0,0,0,0,0,0,37.7533,37.7533,63.508,63.508,0,0
5.434,0.2431,0,0,0,0,0,0,0,0,37.751,37.751,63.5116,63.5116,0,0
5.436,0.2431,0,0,0,0,0,0,0,0,37.7274,37.7274,63.5487,63.5487,0,0
5.438,0.2431,0,0,0,0,0,0,0,0,37.6827,37.6827,63.6191,63.6191,0,0
5.44,1.4174,0,0,0,0,0,0,0,0,37.6171,37.6171,63.7223,63.7223,0,0
5.442,1.4174,0,0,0,0,0,0,0,0,37.5307,37.5307,63.8581,63.8581,0,0
5.444,1.4174,0,0,0,0,0,0,0,0,37.4241,37.4241,64.0259,64.0259,0,0
5.446,1.4174,0,0,0,0,0,0,0,0,37.2975,37.2975,64.2251,64.2251,0,0
5.448,1.4174,0,0,0,0,0,0,0,0,37.1514,37.1514,64.4549,64.4549,0,0
5.45,2.4334,0,0,0,0,0,0,0,0,36.9863,36.9863,64.7146,64.7146,0,0
5.452,2.4334,0,0,0,0,0,0,0,0,36.8028,36.8028,65.0032,65.0032,0,0
5.454,2.4334,0,0,0,0,0,0,0,0,36.6016,36.6016,65.3198,65.3198,0,0
5.456,2.4334,0,0,0,0,0,0,0,0,36.3833,36.3833,65.6632,65.6632,0,0
5.458,2.4334,0,0,0,0,0,0,0,0,36.1486,36.1486,66.0323,66.0323,0,0
5.46,3.2691,0,0,0,0,0,0,0,0,35.8985,35.8985,66.4259,66.4259,0,0
5.462,3.2691,0,0,0,0,0,0,0,0,35.6336,35.6336,66.8425,66.8425,0,0
5.464,3.2691,0,0,0,0,0,0,0,0,35.355,35.355,67.2808,67.2808,0,0
5.466,3.2691,0,0,0,0,0,0,0,0,35.0635,35.0635,67.7393,67.7393,0,0
5.468,3.2691,0,0,0,0,0,0,0,0,34.7602,34.7602,68.2165,68.2165,0,0
5.47,3.7903,0,0,0,0,0,0,0,0,34.446,34.446,68.7108,68.7108,0,0
5.472,3.7903,0,0,0,0,0,0,0,0,34.122,34.122,69.2204,69.2204,0,0
5.474,3.7903,0,0,0,0,0,0,0,0,33.7893,33.7893,69.7438,69.7438,0,0
5.476,3.7903,0,0,0,0,0,0,0,0,33.4491,33.4491,70.2791,70.2791,0,0
5.478,3.7903,0,0,0,0,0,0,0,0,33.1023,33.1023,70.8245,70.8245,0,0
5.48,4.0261,0,0,0,0,0,0,0,0,32.7503,32.7503,71.3783,71.3783,0,0
5.482,4.0261,0,0,0,0,0,0,0,0,32.3941,32.3941,71.9386,71.9386,0,0
5.484,4.0261,0,0,0,0,0,0,0,0,32.035,32.035,72.5036,72.5036,0,0
5.486,4.0261,0,0,0,0,0,0,0,0,31.6741,31.6741,73.0713,73.0713,0,0.0107
5.488,4.0261,0,0,0,0,0,0,0,0,31.3126,31.3126,73.64,73.64,0,0.0187
5.49,3.9333,0,0,0,0,0,0,0,0,30.9517,30.9517,74.2078,74.2078,0,0.0266
5.492,3.9333,0,0,0,0,0,0,0,0,30.5925,30.5925,74.7727,74.7727,0,0.0344
5.494,3.9333,0,0,0,0,0,0,0,0,30.2363,30.2363,75.3331,75.3331,0,0.0421
5.496,3.9333,0,0,0,0,0,0,0,0,29.8842,29.8842,75.8871,75.8871,0,0.0496
5.498,3.9333,0,0,0,0,0,0,0,0,29.5373,29.5373,76.4328,76.4328,0,0.057
5.5,3.5151,0,0,0,0,0,0,0,0,29.1967,29.1967,76.9685,76.9685,0,0.0641
5.502,3.5151,0,0,0,0,0,0,0,0,28.8636,28.8636,77.4926,77.4926,0,0.071
5.504,3.5151,0,0,0,0,0,0,0,0,28.539,28.539,78.0033,78.0033,0,0.0777
5.506,3.5151,0,0,0,0,0,0,0,0,28.2239,28.2239,78.4989,78.4989,0,0.0841
5.508,3.5151,0,0,0,0,0,0,0,0,27.9194,27.9194,78.9779,78.9779,0,0.0902
5.51,2.8184,0,0,0,0,0,0,0,0,27.6264,27.6264,79.4389,79.4389,0,0.096
5.512,2.8184,0,0,0,0,0,0,0,0,27.3458,27.3458,79.8802,79.8802,0,0.1014
5.514,2.8184,0,0,0,0,0,0,0,0,27.0787,27.0787,80.3005,80.3005,0,0.1065
5.516,2.8184,0,0,0,0,0,0,0,0,26.8257,26.8257,80.6984,80.6984,0,0.1113
5.518,2.8184,0,0,0,0,0,0,0,0,26.5878,26.5878,81.0727,81.0727,0,0.1157
5.52,1.9074,0,0,0,0,0,0,0,0,26.3656,26.3656,81.4222,81.4222,0,0.1197
5.522,1.9074,0,0,0,0,0,0,0,0,26.1599,26.1599,81.7457,81.7457,0,0.1233
5.524,1.9074,0,0,0,0,0,0,0,0,25.9714,25.9714,82.0423,82.0423,0,0.1265
5.526,1.9074,0,0,0,0,0,0,0,0,25.8006,25.8006,82.311,82.311,0,0.1293
5.528,1.9074,0,0,0,0,0,0,0,0,25.6481,25.6481,82.5509,82.5509,0,0.1316
5.53,0.8451,0,0,0,0,0,0,0,0,25.5143,25.5143,82.7615,82.7615,0,0.1335
5.532,0.8451,0,0,0,0,0,0,0,0,25.3995,25.3995,82.9419,82.9419,0,0.135
5.534,0.8451,0,0,0,0,0,0,0,0,25.3043,25.3043,83.0918,83.0918,0,0.136
5.536,0.8451,0,0,0,0,0,0,0,0,25.2287,25.2287,83.2106,83.2106,0,0.1366
5.538,0.8451,0,0,0,0,0,0,0,0,25.1731,25.1731,83.2981,83.2981,0,0.1367
5.54,0,0,0,0,0,0,0,0,0,25.1375,25.1375,83.3541,83.3541,0,0.1364
5.542,0,0,0,0,0,0,0,0,0,25.122,25.122,83.3785,83.3785,0,0.1356
5.544,0,0,0,0,0,0,0,0,0,25.1266,25.1266,83.3713,83.3713,0,0.1344
5.546,0,0,0,0,0,0,0,0,0,25.1512,25.1512,83.3326,83.3326,0,0.1328
5.548,0,0,0,0,0,0,0,0,0,25.1957,25.1957,83.2625,83.2625,0,0.1307
5.55,0,0,0,0,0,0,0,0,0,25.2599,25.2599,83.1615,83.1615,0,0.1282
5.552,0,0,0,0,0,0,0,0,0,25.3436,25.3436,83.0299,83.0299,0,0.1253
5.554,0,0,0,0,0,0,0,0,0,25.4463,25.4463,82.8683,82.8683,0,0.122
5.556,0,0,0,0,0,0,0,0,0,25.5678,25.5678,82.6771,82.6771,0,0.1183
5.558,0,0,0,0,0,0,0,0,0,25.7076,25.7076,82.4572,82.4572,0,0.1142
5.56,0,0,0,0,0,0,0,0,0,25.8652,25.8652,82.2093,82.2093,0,0.1097
5.562,0,0,0,0,0,0,0,0,0,26.0401,26.0401,81.9343,81.9343,0,0.1049
5.564,0,0,0,0,0,0,0,0,0,26.2316,26.2316,81.633,81.633,0,0.0998
5.566,0,0,0,0,0,0,0,0,0,26.439,26.439,81.3067,81.3067,0,0.0944
5.568,0,0,0,0,0,0,0,0,0,26.6618,26.6618,80.9563,80.9563,0,0.0886
5.57,0,0,0,0,0,0,0,0,0,26.899,26.899,80.5831,80.5831,0,0.0826
5.572,0,0,0,0,0,0,0,0,0,27.1499,27.1499,80.1883,80.1883,0,0.0763
5.574,0,0,0,0,0,0,0,0,0,27.4137,27.4137,79.7734,79.7734,0,0.0698
5.576,0,0,0,0,0,0,0,0,0,27.6895,27.6895,79.3396,79.3396,0,0.0631
5.578,0,0,0,0,0,0,0,0,0,27.9762,27.9762,78.8885,78.8885,0,0.0562
5.58,0,0,0,0,0,0,0,0,0,28.2731,28.2731,78.4215,78.4215,0,0.0491
5.582,0,0,0,0,0,0,0,0,0,28.579,28.579,77.9403,77.9403,0,0.0418
5.584,0,0,0,0,0,0,0,0,0,28.8929,28.8929,77.4464,77.4464,0,0.0345
5.586,0,0,0,0,0,0,0,0,0,29.2139,29.2139,76.9415,76.9415,0,0.027
5.588,0,0,0,0,0,0,0,0,0,29.5408,29.5408,76.4272,76.4272,0,0.0195
5.59,0,0,0,0,0,0,0,0,0,29.8726,29.8726,75.9053,75.9053,0,0.0119
5.592,0,0,0,0,0,0,0,0,0,30.2081,30.2081,75.3775,75.3775,0,0
5.594,0,0,0,0,0,0,0,0,0,30.5463,30.5463,74.8455,74.8455,0,0
5.596,0,0,0,0,0,0,0,0,0,30.886,30.886,74.311,74.311,0,0
5.598,0,0,0,0,0,0,0,0,0,31.2262,31.2262,73.7759,73.7759,0,0
5.6,0,0,0,0,0,0,0,0,0,31.5658,31.5658,73.2417,73.2417,0,0
5.602,0,0,0,0,0,0,0,0,0,31.9035,31.9035,72.7104,72.7104,0,0
5.604,0,0,0,0,0,0,0,0,0,32.2384,32.2384,72.1836,72.1836,0,0
5.606,0,0,0,0,0,0,0,0,0,32.5694,32.5694,71.663,71.663,0,0
5.608,0,0,0,0,0,0,0,0,0,32.8953,32.8953,71.1502,71.1502,0,0
5.61,0,0,0,0,0,0,0,0,0,33.2152,33.2152,70.647,70.647,0,0
5.612,0,0,0,0,0,0,0,0,0,33.5279,33.5279,70.155,70.155,0,0
5.614,0,0,0,0,0,0,0,0,0,33.8326,33.8326,69.6757,69.6757,0,0
5.616,0,0,0,0,0,0,0,0,0,34.1282,34.1282,69.2107,69.2107,0,0
5.618,0,0,0,0,0,0,0,0,0,34.4138,34.4138,68.7614,68.7614,0,0
5.62,0,0,0,0,0,0,0,0,0,34.6885,34.6885,68.3293,68.3293,0,0
5.622,0,0,0,0,0,0,0,0,0,34.9513,34.9513,67.9158,67.9158,0,0
5.624,0,0,0,0,0,0,0,0,0,35.2016,35.2016,67.5222,67.5222,0,0
5.626,0,0,0,0,0,0,0,0,0,35.4383,35.4383,67.1497,67.1497,0,0
5.628,0,0,0,0,0,0,0,0,0,35.6609,35.6609,66.7996,66.7996,0,0
5.63,0,0,0,0,0,0,0,0,0,35.8686,35.8686,66.4729,66.4729,0,0
5.632,0,0,0,0,0,0,0,0,0,36.0607,36.0607,66.1707,66.1707,0,0
5.634,0,0,0,0,0,0,0,0,0,36.2366,36.2366,65.8939,65.8939,0,0
5.636,0,0,0,0,0,0,0,0,0,36.3959,36.3959,65.6434,65.6434,0,0
5.638,0,0,0,0,0,0,0,0,0,36.5379,36.5379,65.42,65.42,0,0
5.64,0,0,0,0,0,0,0,0,0,36.6623,36.6623,65.2243,65.2243,0,0
5.642,0,0,0,0,0,0,0,0,0,36.7686,36.7686,65.057,65.057,0,0
5.644,0,0,0,0,0,0,0,0,0,36.8567,36.8567,64.9185,64.9185,0,0
5.646,0,0,0,0,0,0,0,0,0,36.9262,36.9262,64.8092,64.8092,0,0
5.648,0,0,0,0,0,0,0,0,0,36.9769,36.9769,64.7294,64.7294,0,0
5.65,0.2752,0,0,0,0,0,0,0,0,37.0087,37.0087,64.6793,64.6793,0,0
5.652,0.2752,0,0,0,0,0,0,0,0,37.0216,37.0216,64.659,64.659,0,0
5.654,0.2752,0,0,0,0,0,0,0,0,37.0156,37.0156,64.6685,64.6685,0,0
5.656,0.2752,0,0,0,0,0,0,0,0,36.9907,36.9907,64.7076,64.7076,0,0
5.658,0.2752,0,0,0,0,0,0,0,0,36.9471,36.9471,64.7762,64.7762,0,0
5.66,1.2965,0,0,0,0,0,0,0,0,36.885,36.885,64.874,64.874,0,0
5.662,1.2965,0,0,0,0,0,0,0,0,36.8045,36.8045,65.0006,65.0006,0,0
5.664,1.2965,0,0,0,0,0,0,0,0,36.706,36.706,65.1555,65.1555,0,0
5.666,1.2965,0,0,0,0,0,0,0,0,36.5899,36.5899,65.3382,65.3382,0,0
5.668,1.2965,0,0,0,0,0,0,0,0,36.4566,36.4566,65.5479,65.5479,0,0
5.67,2.2064,0,0,0,0,0,0,0,0,36.3065,36.3065,65.784,65.784,0,0
5.672,2.2064,0,0,0,0,0,0,0,0,36.1402,36.1402,66.0456,66.0456,0,0
5.674,2.2064,0,0,0,0,0,0,0,0,35.9582,35.9582,66.3318,66.3318,0,0
5.676,2.2064,0,0,0,0,0,0,0,0,35.7613,35.7613,66.6417,66.6417,0,0
5.678,2.2064,0,0,0,0,0,0,0,0,35.55,35.55,66.9741,66.9741,0,0
5.68,2.9205,0,0,0,0,0,0,0,0,35.325,35.325,67.328,67.328,0,0
5.682,2.9205,0,0,0,0,0,0,0,0,35.0872,35.0872,67.7021,67.7021,0,0
5.684,2.9205,0,0,0,0,0,0,0,0,34.8374,34.8374,68.0951,68.0951,0,0
5.686,2.9205,0,0,0,0,0,0,0,0,34.5763,34.5763,68.5058,68.5058,0,0
5.688,2.9205,0,0,0,0,0,0,0,0,34.3049,34.3049,68.9328,68.9328,0,0
5.69,3.3819,0,0,0,0,0,0,0,0,34.024,34.024,69.3746,69.3746,0,0
5.692,3.3819,0,0,0,0,0,0,0,0,33.7347,33.7347,69.8297,69.8297,0,0
5.694,3.3819,0,0,0,0,0,0,0,0,33.4379,33.4379,70.2967,70.2967,0,0
5.696,3.3819,0,0,0,0,0,0,0,0,33.1345,33.1345,70.7739,70.7739,0,0
5.698,3.3819,0,0,0,0,0,0,0,0,32.8257,32.8257,71.2597,71.2597,0,0
5.7,3.5795,0,0,0,0,0,0,0,0,32.5123,32.5123,71.7526,71.7526,0,0
5.702,3.5795,0,0,0,0,0,0,0,0,32.1956,32.1956,72.251,72.251,0,0
5.704,3.5795,0,0,0,0,0,0,0,0,31.8764,31.8764,72.7531,72.7531,0,0
5.706,3.5795,0,0,0,0,0,0,0,0,31.5558,31.5558,73.2573,73.2573,0,0.0111
5.708,3.5795,0,0,0,0,0,0,0,0,31.235,31.235,73.762,73.762,0,0.0182
5.71,3.4843,0,0,0,0,0,0,0,0,30.9149,30.9149,74.2655,74.2655,0,0.0252
5.712,3.4843,0,0,0,0,0,0,0,0,30.5967,30.5967,74.7662,74.7662,0,0.0321
5.714,3.4843,0,0,0,0,0,0,0,0,30.2812,30.2812,75.2624,75.2624,0,0.0389
5.716,3.4843,0,0,0,0,0,0,0,0,29.9697,29.9697,75.7526,75.7526,0,0.0455
5.718,3.4843,0,0,0,0,0,0,0,0,29.663,29.663,76.2351,76.2351,0,0.052
5.72,3.098,0,0,0,0,0,0,0,0,29.3621,29.3621,76.7083,76.7083,0,0.0583
5.722,3.098,0,0,0,0,0,0,0,0,29.0681,29.0681,77.1709,77.1709,0,0.0644
5.724,3.098,0,0,0,0,0,0,0,0,28.7818,28.7818,77.6212,77.6212,0,0.0702
5.726,3.098,0,0,0,0,0,0,0,0,28.5043,28.5043,78.0578,78.0578,0,0.0758
5.728,3.098,0,0,0,0,0,0,0,0,28.2363,28.2363,78.4794,78.4794,0,0.0812
5.73,2.47,0,0,0,0,0,0,0,0,27.9787,27.9787,78.8845,78.8845,0,0.0863
5.732,2.47,0,0,0,0,0,0,0,0,27.7324,27.7324,79.272,79.272,0,0.0911
5.734,2.47,0,0,0,0,0,0,0,0,27.4982,27.4982,79.6405,79.6405,0,0.0955
5.736,2.47,0,0,0,0,0,0,0,0,27.2767,27.2767,79.989,79.989,0,0.0997
5.738,2.47,0,0,0,0,0,0,0,0,27.0687,27.0687,80.3162,80.3162,0,0.1035
5.74,1.6361,0,0,0,0,0,0,0,0,26.8748,26.8748,80.6212,80.6212,0,0.107
5.742,1.6361,0,0,0,0,0,0,0,0,26.6957,26.6957,80.9029,80.9029,0,0.1101
5.744,1.6361,0,0,0,0,0,0,0,0,26.5319,26.5319,81.1606,81.1606,0,0.1128
5.746,1.6361,0,0,0,0,0,0,0,0,26.3839,26.3839,81.3934,81.3934,0,0.1152
5.748,1.6361,0,0,0,0,0,0,0,0,26.2522,26.2522,81.6005,81.6005,0,0.1172
5.75,0.7068,0,0,0,0,0,0,0,0,26.1372,26.1372,81.7815,81.7815,0,0.1188
5.752,0.7068,0,0,0,0,0,0,0,0,26.0392,26.0392,81.9356,81.9356,0,0.12
5.754,0.7068,0,0,0,0,0,0,0,0,25.9585,25.9585,82.0625,82.0625,0,0.1208
5.756,0.7068,0,0,0,0,0,0,0,0,25.8954,25.8954,82.1619,82.1619,0,0.1212
5.758,0.7068,0,0,0,0,0,0,0,0,25.8499,25.8499,82.2334,82.2334,0,0.1213
5.76,0,0,0,0,0,0,0,0,0,25.8223,25.8223,82.2769,82.2769,0,0.1209
5.762,0,0,0,0,0,0,0,0,0,25.8124,25.8124,82.2924,82.2924,0,0.1201
5.764,0,0,0,0,0,0,0,0,0,25.8204,25.8204,82.2798,82.2798,0,0.1189
5.766,0,0,0,0,0,0,0,0,0,25.8462,25.8462,82.2393,82.2393,0,0.1174
5.768,0,0,0,0,0,0,0,0,0,25.8896,25.8896,82.171,82.171,0,0.1155
5.77,0,0,0,0,0,0,0,0,0,25.9504,25.9504,82.0753,82.0753,0,0.1132
5.772,0,0,0,0,0,0,0,0,0,26.0285,26.0285,81.9525,81.9525,0,0.1105
5.774,0,0,0,0,0,0,0,0,0,26.1234,26.1234,81.8031,81.8031,0,0.1075
5.776,0,0,0,0,0,0,0,0,0,26.235,26.235,81.6277,81.6277,0,0.1041
5.778,0,0,0,0,0,0,0,0,0,26.3626,26.3626,81.4269,81.4269,0,0.1004
5.78,0,0,0,0,0,0,0,0,0,26.506,26.506,81.2013,81.2013,0,0.0964
5.782,0,0,0,0,0,0,0,0,0,26.6646,26.6646,80.9519,80.9519,0,0.0921
5.784,0,0,0,0,0,0,0,0,0,26.8378,26.8378,80.6794,80.6794,0,0.0874
5.786,0,0,0,0,0,0,0,0,0,27.0251,27.0251,80.3848,80.3848,0,0.0825
5.788,0,0,0,0,0,0,0,0,0,27.2258,27.2258,80.0691,80.0691,0,0.0774
5.79,0,0,0,0,0,0,0,0,0,27.4392,27.4392,79.7334,79.7334,0,0.072
5.792,0,0,0,0,0,0,0,0,0,27.6646,27.6646,79.3788,79.3788,0,0.0664
5.794,0,0,0,0,0,0,0,0,0,27.9012,27.9012,79.0065,79.0065,0,0.0605
5.796,0,0,0,0,0,0,0,0,0,28.1482,28.1482,78.6179,78.6179,0,0.0545
5.798,0,0,0,0,0,0,0,0,0,28.4049,28.4049,78.2141,78.2141,0,0.0484
5.8,0,0,0,0,0,0,0,0,0,28.6703,28.6703,77.7967,77.7967,0,0.042
5.802,0,0,0,0,0,0,0,0,0,28.9435,28.9435,77.3668,77.3668,0,0.0356
5.804,0,0,0,0,0,0,0,0,0,29.2237,29.2237,76.9261,76.9261,0,0.029
5.806,0,0,0,0,0,0,0,0,0,29.5099,29.5099,76.4759,76.4759,0,0.0224
5.808,0,0,0,0,0,0,0,0,0,29.8011,29.8011,76.0178,76.0178,0,0.0157
5.81,0,0,0,0,0,0,0,0,0,30.0964,30.0964,75.5532,75.5532,0,0
5.812,0,0,0,0,0,0,0,0,0,30.3949,30.3949,75.0837,75.0837,0,0
5.814,0,0,0,0,0,0,0,0,0,30.6954,30.6954,74.6109,74.6109,0,0
5.816,0,0,0,0,0,0,0,0,0,30.9971,30.9971,74.1362,74.1362,0,0
5.818,0,0,0,0,0,0,0,0,0,31.299,31.299,73.6614,73.6614,0,0
5.82,0,0,0,0,0,0,0,0,0,31.6001,31.6001,73.1878,73.1878,0,0
5.822,0,0,0,0,0,0,0,0,0,31.8993,31.8993,72.717,72.717,0,0
5.824,0,0,0,0,0,0,0,0,0,32.1958,32.1958,72.2506,72.2506,0,0
5.826,0,0,0,0,0,0,0,0,0,32.4885,32.4885,71.7901,71.7901,0,0
5.828,0,0,0,0,0,0,0,0,0,32.7766,32.7766,71.3369,71.3369,0,0
5.83,0,0,0,0,0,0,0,0,0,33.059,33.059,70.8926,70.8926,0,0
5.832,0,0,0,0,0,0,0,0,0,33.335,33.335,70.4586,70.4586,0,0
5.834,0,0,0,0,0,0,0,0,0,33.6035,33.6035,70.0361,70.0361,0,0
5.836,0,0,0,0,0,0,0,0,0,33.8638,33.8638,69.6267,69.6267,0,0
5.838,0,0,0,0,0,0,0,0,0,34.1149,34.1149,69.2316,69.2316,0,0
5.84,0,0,0,0,0,0,0,0,0,34.3562,34.3562,68.852,68.852,0,0
5.842,0,0,0,0,0,0,0,0,0,34.5868,34.5868,68.4893,68.4893,0,0
5.844,0,0,0,0,0,0,0,0,0,34.806,34.806,68.1444,68.1444,0,0
5.846,0,0,0,0,0,0,0,0,0,35.0132,35.0132,67.8186,67.8186,0,0
5.848,0,0,0,0,0,0,0,0,0,35.2075,35.2075,67.5128,67.5128,0,0
5.85,0,0,0,0,0,0,0,0,0,35.3886,35.3886,67.228,67.228,0,0
5.852,0,0,0,0,0,0,0,0,0,35.5556,35.5556,66.9652,66.9652,0,0
5.854,0,0,0,0,0,0,0,0,0,35.7083,35.7083,66.7251,66.7251,0,0
5.856,0,0,0,0,0,0,0,0,0,35.846,35.846,66.5085,66.5085,0,0
5.858,0,0,0,0,0,0,0,0,0,35.9683,35.9683,66.316,66.316,0,0
5.86,0,0,0,0,0,0,0,0,0,36.0749,36.0749,66.1483,66.1483,0,0
5.862,0,0,0,0,0,0,0,0,0,36.1655,36.1655,66.0058,66.0058,0,0
5.864,0,0,0,0,0,0,0,0,0,36.2398,36.2398,65.889,65.889,0,0
5.866,0,0,0,0,0,0,0,0,0,36.2975,36.2975,65.7981,65.7981,0,0
5.868,0,0,0,0,0,0,0,0,0,36.3386,36.3386,65.7335,65.7335,0,0
5.87,0.3022,0,0,0,0,0,0,0,0,36.3629,36.3629,65.6952,65.6952,0,0
5.872,0.3022,0,0,0,0,0,0,0,0,36.3704,36.3704,65.6834,65.6834,0,0
5.874,0.3022,0,0,0,0,0,0,0,0,36.3612,36.3612,65.698,65.698,0,0
5.876,0.3022,0,0,0,0,0,0,0,0,36.3352,36.3352,65.7389,65.7389,0,0
5.878,0.3022,0,0,0,0,0,0,0,0,36.2926,36.2926,65.8059,65.8059,0,0
5.88,1.1871,0,0,0,0,0,0,0,0,36.2336,36.2336,65.8987,65.8987,0,0
5.882,1.1871,0,0,0,0,0,0,0,0,36.1584,36.1584,66.017,66.017,0,0
5.884,1.1871,0,0,0,0,0,0,0,0,36.0673,36.0673,66.1603,66.1603,0,0
5.886,1.1871,0,0,0,0,0,0,0,0,35.9606,35.9606,66.3281,66.3281,0,0
5.888,1.1871,0,0,0,0,0,0,0,0,35.8387,35.8387,66.5199,66.5199,0,0
5.89,1.9788,0,0,0,0,0,0,0,0,35.7021,35.7021,66.7348,66.7348,0,0
5.892,1.9788,0,0,0,0,0,0,0,0,35.5512,35.5512,66.9722,66.9722,0,0
5.894,1.9788,0,0,0,0,0,0,0,0,35.3865,35.3865,67.2313,67.2313,0,0
5.896,1.9788,0,0,0,0,0,0,0,0,35.2086,35.2086,67.5111,67.5111,0,0
5.898,1.9788,0,0,0,0,0,0,0,0,35.0181,35.0181,67.8107,67.8107,0,0
5.9,2.6103,0,0,0,0,0,0,0,0,34.8158,34.8158,68.1291,68.1291,0,0
5.902,2.6103,0,0,0,0,0,0,0,0,34.6021,34.6021,68.4652,68.4652,0,0
5.904,2.6103,0,0,0,0,0,0,0,0,34.378,34.378,68.8178,68.8178,0,0
5.906,2.6103,0,0,0,0,0,0,0,0,34.144,34.144,69.1858,69.1858,0,0
5.908,2.6103,0,0,0,0,0,0,0,0,33.9011,33.9011,69.5679,69.5679,0,0
5.91,3.0175,0,0,0,0,0,0,0,0,33.6501,33.6501,69.9629,69.9629,0,0
5.912,3.0175,0,0,0,0,0,0,0,0,33.3917,33.3917,70.3694,70.3694,0,0
5.914,3.0175,0,0,0,0,0,0,0,0,33.1268,33.1268,70.786,70.786,0,0
5.916,3.0175,0,0,0,0,0,0,0,0,32.8564,32.8564,71.2114,71.2114,0,0
5.918,3.0175,0,0,0,0,0,0,0,0,32.5813,32.5813,71.6441,71.6441,0,0
5.92,3.1818,0,0,0,0,0,0,0,0,32.3025,32.3025,72.0828,72.0828,0,0
5.922,3.1818,0,0,0,0,0,0,0,0,32.0208,32.0208,72.5259,72.5259,0,0
5.924,3.1818,0,0,0,0,0,0,0,0,31.7372,31.7372,72.972,72.972,0,0
5.926,3.1818,0,0,0,0,0,0,0,0,31.4527,31.4527,73.4196,73.4196,0,0.0114
5.928,3.1818,0,0,0,0,0,0,0,0,31.1681,31.1681,73.8673,73.8673,0,0.0177
5.93,3.0736,0,0,0,0,0,0,0,0,30.8844,30.8844,74.3136,74.3136,0,0.0239
5.932,3.0736,0,0,0,0,0,0,0,0,30.6025,30.6025,74.757,74.757,0,0.03
5.934,3.0736,0,0,0,0,0,0,0,0,30.3234,30.3234,75.1961,75.1961,0,0.0359
5.936,3.0736,0,0,0,0,0,0,0,0,30.0479,30.0479,75.6294,75.6294,0,0.0418
5.938,3.0736,0,0,0,0,0,0,0,0,29.777,29.777,76.0557,76.0557,0,0.0475
5.94,2.7157,0,0,0,0,0,0,0,0,29.5115,29.5115,76.4734,76.4734,0,0.053
5.942,2.7157,0,0,0,0,0,0,0,0,29.2522,29.2522,76.8812,76.8812,0,0.0584
5.944,2.7157,0,0,0,0,0,0,0,0,29.0001,29.0001,77.2778,77.2778,0,0.0635
5.946,2.7157,0,0,0,0,0,0,0,0,28.7558,28.7558,77.6621,77.6621,0,0.0685
5.948,2.7157,0,0,0,0,0,0,0,0,28.5203,28.5203,78.0326,78.0326,0,0.0732
5.95,2.1543,0,0,0,0,0,0,0,0,28.2942,28.2942,78.3883,78.3883,0,0.0776
5.952,2.1543,0,0,0,0,0,0,0,0,28.0782,28.0782,78.728,78.728,0,0.0818
5.954,2.1543,0,0,0,0,0,0,0,0,27.8731,27.8731,79.0507,79.0507,0,0.0857
5.956,2.1543,0,0,0,0,0,0,0,0,27.6795,27.6795,79.3553,79.3553,0,0.0893
5.958,2.1543,0,0,0,0,0,0,0,0,27.498,27.498,79.6408,79.6408,0,0.0926
5.96,1.427,0,0,0,0,0,0,0,0,27.3292,27.3292,79.9064,79.9064,0,0.0956
5.962,1.427,0,0,0,0,0,0,0,0,27.1735,27.1735,80.1512,80.1512,0,0.0983
5.964,1.427,0,0,0,0,0,0,0,0,27.0316,27.0316,80.3745,80.3745,0,0.1006
5.966,1.427,0,0,0,0,0,0,0,0,26.9038,26.9038,80.5755,80.5755,0,0.1027
5.968,1.427,0,0,0,0,0,0,0,0,26.7905,26.7905,80.7537,80.7537,0,0.1043
5.97,0.5852,0,0,0,0,0,0,0,0,26.6921,26.6921,80.9085,80.9085,0,0.1057
5.972,0.5852,0,0,0,0,0,0,0,0,26.6089,26.6089,81.0395,81.0395,0,0.1067
5.974,0.5852,0,0,0,0,0,0,0,0,26.5411,26.5411,81.1462,81.1462,0,0.1073
5.976,0.5852,0,0,0,0,0,0,0,0,26.4888,26.4888,81.2284,81.2284,0,0.1076
5.978,0.5852,0,0,0,0,0,0,0,0,26.4523,26.4523,81.2859,81.2859,0,0.1075
5.98,0,0,0,0,0,0,0,0,0,26.4315,26.4315,81.3185,81.3185,0,0.1071
5.982,0,0,0,0,0,0,0,0,0,26.4266,26.4266,81.3262,81.3262,0,0.1063
5.984,0,0,0,0,0,0,0,0,0,26.4375,26.4375,81.3091,81.3091,0,0.1052
5.986,0,0,0,0,0,0,0,0,0,26.4642,26.4642,81.2671,81.2671,0,0.1037
5.988,0,0,0,0,0,0,0,0,0,26.5064,26.5064,81.2007,81.2007,0,0.102
5.99,0,0,0,0,0,0,0,0,0,26.5641,26.5641,81.1099,81.1099,0,0.0998
5.992,0,0,0,0,0,0,0,0,0,26.637,26.637,80.9952,80.9952,0,0.0974
5.994,0,0,0,0,0,0,0,0,0,26.7249,26.7249,80.857,80.857,0,0.0946
5.996,0,0,0,0,0,0,0,0,0,26.8274,26.8274,80.6958,80.6958,0,0.0916
5.998,0,0,0,0,0,0,0,0,0,26.9441,26.9441,80.5122,80.5122,0,0.0882
6,0,0,0,0,0,0,0,0,0,27.0746,27.0746,80.3068,80.3068,0,0.0846
6.002,0,0,0,0,0,0,0,0,0,27.2186,27.2186,80.0804,80.0804,0,0.0807
6.004,0,0,0,0,0,0,0,0,0,27.3754,27.3754,79.8337,79.8337,0,0.0765
6.006,0,0,0,0,0,0,0,0,0,27.5445,27.5445,79.5676,79.5676,0,0.0721
6.008,0,0,0,0,0,0,0,0,0,27.7254,27.7254,79.283,79.283,0,0.0675
6.01,0,0,0,0,0,0,0,0,0,27.9175,27.9175,78.9809,78.9809,0,0.0626
6.012,0,0,0,0,0,0,0,0,0,28.12,28.12,78.6623,78.6623,0,0.0576
6.014,0,0,0,0,0,0,0,0,0,28.3323,28.3323,78.3284,78.3284,0,0.0524
6.016,0,0,0,0,0,0,0,0,0,28.5537,28.5537,77.9801,77.9801,0,0.047
6.018,0,0,0,0,0,0,0,0,0,28.7834,28.7834,77.6187,77.6187,0,0.0415
6.02,0,0,0,0,0,0,0,0,0,29.0207,29.0207,77.2454,77.2454,0,0.0359
6.022,0,0,0,0,0,0,0,0,0,29.2647,29.2647,76.8615,76.8615,0,0.0301
6.024,0,0,0,0,0,0,0,0,0,29.5147,29.5147,76.4682,76.4682,0,0.0243
6.026,0,0,0,0,0,0,0,0,0,29.7699,29.7699,76.0669,76.0669,0,0.0184
6.028,0,0,0,0,0,0,0,0,0,30.0293,30.0293,75.6588,75.6588,0,0.0124
6.03,0,0,0,0,0,0,0,0,0,30.2921,30.2921,75.2454,75.2454,0,0
6.032,0,0,0,0,0,0,0,0,0,30.5574,30.5574,74.8279,74.8279,0,0
6.034,0,0,0,0,0,0,0,0,0,30.8245,30.8245,74.4078,74.4078,0,0
6.036,0,0,0,0,0,0,0,0,0,31.0923,31.0923,73.9865,73.9865,0,0
6.038,0,0,0,0,0,0,0,0,0,31.3601,31.3601,73.5653,73.5653,0,0
6.04,0,0,0,0,0,0,0,0,0,31.6269,31.6269,73.1456,73.1456,0,0
6.042,0,0,0,0,0,0,0,0,0,31.8919,31.8919,72.7287,72.7287,0,0
6.044,0,0,0,0,0,0,0,0,0,32.1542,32.1542,72.3161,72.3161,0,0
6.046,0,0,0,0,0,0,0,0,0,32.413,32.413,71.909,71.909,0,0
6.048,0,0,0,0,0,0,0,0,0,32.6674,32.6674,71.5088,71.5088,0,0
6.05,0,0,0,0,0,0,0,0,0,32.9166,32.9166,71.1167,71.1167,0,0
6.052,0,0,0,0,0,0,0,0,0,33.1598,33.1598,70.7341,70.7341,0,0
6.054,0,0,0,0,0,0,0,0,0,33.3963,33.3963,70.3621,70.3621,0,0
6.056,0,0,0,0,0,0,0,0,0,33.6252,33.6252,70.002,70.002,0,0
6.058,0,0,0,0,0,0,0,0,0,33.8459,33.8459,69.6548,69.6548,0,0
6.06,0,0,0,0,0,0,0,0,0,34.0576,34.0576,69.3217,69.3217,0,0
6.062,0,0,0,0,0,0,0,0,0,34.2597,34.2597,69.0038,69.0038,0,0
6.064,0,0,0,0,0,0,0,0,0,34.4516,34.4516,68.7021,68.7021,0,0
6.066,0,0,0,0,0,0,0,0,0,34.6325,34.6325,68.4174,68.4174,0,0
6.068,0,0,0,0,0,0,0,0,0,34.802,34.802,68.1508,68.1508,0,0
6.07,0,0,0,0,0,0,0,0,0,34.9595,34.9595,67.903,67.903,0,0
6.072,0,0,0,0,0,0,0,0,0,35.1045,35.1045,67.6748,67.6748,0,0
6.074,0,0,0,0,0,0,0,0,0,35.2367,35.2367,67.467,67.467,0,0
6.076,0,0,0,0,0,0,0,0,0,35.3554,35.3554,67.2802,67.2802,0,0
6.078,0,0,0,0,0,0,0,0,0,35.4605,35.4605,67.1149,67.1149,0,0
6.08,0,0,0,0,0,0,0,0,0,35.5515,35.5515,66.9717,66.9717,0,0
6.082,0,0,0,0,0,0,0,0,0,35.6283,35.6283,66.8509,66.8509,0,0
6.084,0,0,0,0,0,0,0,0,0,35.6905,35.6905,66.753,66.753,0,0
6.086,0,0,0,0,0,0,0,0,0,35.7381,35.7381,66.6782,66.6782,0,0
6.088,0,0,0,0,0,0,0,0,0,35.7708,35.7708,66.6267,66.6267,0,0
6.09,0.3041,0,0,0,0,0,0,0,0,35.7887,35.7887,66.5986,66.5986,0,0
6.092,0.3041,0,0,0,0,0,0,0,0,35.7916,35.7916,66.594,66.594,0,0
6.094,0.3041,0,0,0,0,0,0,0,0,35.7797,35.7797,66.6127,66.6127,0,0
6.096,0.3041,0,0,0,0,0,0,0,0,35.7529,35.7529,66.6548,66.6548,0,0
6.098,0.3041,0,0,0,0,0,0,0,0,35.7115,35.7115,66.72,66.72,0,0
6.1,1.1013,0,0,0,0,0,0,0,0,35.6555,35.6555,66.8081,66.8081,0,0
6.102,1.1013,0,0,0,0,0,0,0,0,35.5852,35.5852,66.9186,66.9186,0,0
6.104,1.1013,0,0,0,0,0,0,0,0,35.5009,35.5009,67.0513,67.0513,0,0
6.106,1.1013,0,0,0,0,0,0,0,0,35.4028,35.4028,67.2056,67.2056,0,0
6.108,1.1013,0,0,0,0,0,0,0,0,35.2913,35.2913,67.381,67.381,0,0
6.11,1.8022,0,0,0,0,0,0,0,0,35.1669,35.1669,67.5768,67.5768,0,0
6.112,1.8022,0,0,0,0,0,0,0,0,35.0298,35.0298,67.7923,67.7923,0,0
6.114,1.8022,0,0,0,0,0,0,0,0,34.8807,34.8807,68.0269,68.0269,0,0
6.116,1.8022,0,0,0,0,0,0,0,0,34.72,34.72,68.2797,68.2797,0,0
6.118,1.8022,0,0,0,0,0,0,0,0,34.5483,34.5483,68.5498,68.5498,0,0
6.12,2.3392,0,0,0,0,0,0,0,0,34.3661,34.3661,68.8364,68.8364,0,0
6.122,2.3392,0,0,0,0,0,0,0,0,34.1742,34.1742,69.1384,69.1384,0,0
6.124,2.3392,0,0,0,0,0,0,0,0,33.973,33.973,69.4548,69.4548,0,0
6.126,2.3392,0,0,0,0,0,0,0,0,33.7634,33.7634,69.7846,69.7846,0,0
6.128,2.3392,0,0,0,0,0,0,0,0,33.546,33.546,70.1266,70.1266,0,0
6.13,2.697,0,0,0,0,0,0,0,0,33.3215,33.3215,70.4798,70.4798,0,0
6.132,2.697,0,0,0,0,0,0,0,0,33.0907,33.0907,70.8428,70.8428,0,0
6.134,2.697,0,0,0,0,0,0,0,0,32.8544,32.8544,71.2145,71.2145,0,0
6.136,2.697,0,0,0,0,0,0,0,0,32.6134,32.6134,71.5937,71.5937,0,0
6.138,2.697,0,0,0,0,0,0,0,0,32.3684,32.3684,71.9791,71.9791,0,0
6.14,2.8154,0,0,0,0,0,0,0,0,32.1203,32.1203,72.3694,72.3694,0,0
6.142,2.8154,0,0,0,0,0,0,0,0,31.8699,31.8699,72.7633,72.7633,0,0
6.144,2.8154,0,0,0,0,0,0,0,0,31.618,31.618,73.1596,73.1596,0,0
6.146,2.8154,0,0,0,0,0,0,0,0,31.3655,31.3655,73.5568,73.5568,0,0.0116
6.148,2.8154,0,0,0,0,0,0,0,0,31.1131,31.1131,73.9538,73.9538,0,0.0171
6.15,2.7197,0,0,0,0,0,0,0,0,30.8617,30.8617,74.3493,74.3493,0,0.0226
6.152,2.7197,0,0,0,0,0,0,0,0,30.6122,30.6122,74.7418,74.7418,0,0.028
6.154,2.7197,0,0,0,0,0,0,0,0,30.3653,30.3653,75.1302,75.1302,0,0.0332
6.156,2.7197,0,0,0,0,0,0,0,0,30.1219,30.1219,75.5131,75.5131,0,0.0384
6.158,2.7197,0,0,0,0,0,0,0,0,29.8827,29.8827,75.8895,75.8895,0,0.0434
6.16,2.3876,0,0,0,0,0,0,0,0,29.6484,29.6484,76.2579,76.2579,0,0.0483
6.162,2.3876,0,0,0,0,0,0,0,0,29.42,29.42,76.6173,76.6173,0,0.053
6.164,2.3876,0,0,0,0,0,0,0,0,29.198,29.198,76.9665,76.9665,0,0.0575
6.166,2.3876,0,0,0,0,0,0,0,0,28.9832,28.9832,77.3043,77.3043,0,0.0618
6.168,2.3876,0,0,0,0,0,0,0,0,28.7764,28.7764,77.6298,77.6298,0,0.0659
6.17,1.8817,0,0,0,0,0,0,0,0,28.578,28.578,77.9418,77.9418,0,0.0698
6.172,1.8817,0,0,0,0,0,0,0,0,28.3888,28.3888,78.2394,78.2394,0,0.0735
6.174,1.8817,0,0,0,0,0,0,0,0,28.2095,28.2095,78.5216,78.5216,0,0.0769
6.176,1.8817,0,0,0,0,0,0,0,0,28.0404,28.0404,78.7876,78.7876,0,0.08
6.178,1.8817,0,0,0,0,0,0,0,0,27.8822,27.8822,79.0364,79.0364,0,0.0829
6.18,1.2203,0,0,0,0,0,0,0,0,27.7354,27.7354,79.2674,79.2674,0,0.0855
6.182,1.2203,0,0,0,0,0,0,0,0,27.6004,27.6004,79.4797,79.4797,0,0.0878
6.184,1.2203,0,0,0,0,0,0,0,0,27.4777,27.4777,79.6728,79.6728,0,0.0898
6.186,1.2203,0,0,0,0,0,0,0,0,27.3675,27.3675,79.846,79.846,0,0.0915
6.188,1.2203,0,0,0,0,0,0,0,0,27.2704,27.2704,79.9989,79.9989,0,0.0929
6.19,0.4818,0,0,0,0,0,0,0,0,27.1865,27.1865,80.1308,80.1308,0,0.094
6.192,0.4818,0,0,0,0,0,0,0,0,27.1161,27.1161,80.2416,80.2416,0,0.0948
6.194,0.4818,0,0,0,0,0,0,0,0,27.0594,27.0594,80.3308,80.3308,0,0.0953
6.196,0.4818,0,0,0,0,0,0,0,0,27.0166,27.0166,80.3981,80.3981,0,0.0955
6.198,0.4818,0,0,0,0,0,0,0,0,26.9877,26.9877,80.4436,80.4436,0,0.0953
6.2,0,0,0,0,0,0,0,0,0,26.9729,26.9729,80.4669,80.4669,0,0.0949
6.202,0,0,0,0,0,0,0,0,0,26.9721,26.9721,80.4681,80.4681,0,0.0941
6.204,0,0,0,0,0,0,0,0,0,26.9853,26.9853,80.4473,80.4473,0,0.093
6.206,0,0,0,0,0,0,0,0,0,27.0125,27.0125,80.4046,80.4046,0,0.0917
6.208,0,0,0,0,0,0,0,0,0,27.0535,27.0535,80.3401,80.3401,0,0.09
6.21,0,0,0,0,0,0,0,0,0,27.1081,27.1081,80.2541,80.2541,0,0.088
6.212,0,0,0,0,0,0,0,0,0,27.1762,27.1762,80.147,80.147,0,0.0858
6.214,0,0,0,0,0,0,0,0,0,27.2575,27.2575,80.0191,80.0191,0,0.0833
6.216,0,0,0,0,0,0,0,0,0,27.3517,27.3517,79.8709,79.8709,0,0.0805
6.218,0,0,0,0,0,0,0,0,0,27.4584,27.4584,79.703,79.703,0,0.0774
6.22,0,0,0,0,0,0,0,0,0,27.5774,27.5774,79.516,79.516,0,0.0741
6.222,0,0,0,0,0,0,0,0,0,27.708,27.708,79.3104,79.3104,0,0.0706
6.224,0,0,0,0,0,0,0,0,0,27.85,27.85,79.087,79.087,0,0.0669
6.226,0,0,0,0,0,0,0,0,0,28.0029,28.0029,78.8466,78.8466,0,0.0629
6.228,0,0,0,0,0,0,0,0,0,28.166,28.166,78.59,78.59,0,0.0587
6.23,0,0,0,0,0,0,0,0,0,28.3388,28.3388,78.3181,78.3181,0,0.0544
6.232,0,0,0,0,0,0,0,0,0,28.5208,28.5208,78.0318,78.0318,0,0.0499
6.234,0,0,0,0,0,0,0,0,0,28.7113,28.7113,77.7321,77.7321,0,0.0452
6.236,0,0,0,0,0,0,0,0,0,28.9098,28.9098,77.4199,77.4199,0,0.0404
6.238,0,0,0,0,0,0,0,0,0,29.1154,29.1154,77.0965,77.0965,0,0.0355
6.24,0,0,0,0,0,0,0,0,0,29.3276,29.3276,76.7627,76.7627,0,0.0305
6.242,0,0,0,0,0,0,0,0,0,29.5455,29.5455,76.4198,76.4198,0,0.0254
6.244,0,0,0,0,0,0,0,0,0,29.7686,29.7686,76.0688,76.0688,0,0.0202
6.246,0,0,0,0,0,0,0,0,0,29.9961,29.9961,75.7111,75.7111,0,0.0149
6.248,0,0,0,0,0,0,0,0,0,30.2271,30.2271,75.3476,75.3476,0,0
6.25,0,0,0,0,0,0,0,0,0,30.461,30.461,74.9797,74.9797,0,0
6.252,0,0,0,0,0,0,0,0,0,30.6969,30.6969,74.6086,74.6086,0,0
6.254,0,0,0,0,0,0,0,0,0,30.9341,30.9341,74.2354,74.2354,0,0
6.256,0,0,0,0,0,0,0,0,0,31.1718,31.1718,73.8615,73.8615,0,0
6.258,0,0,0,0,0,0,0,0,0,31.4093,31.4093,73.4879,73.4879,0,0
6.26,0,0,0,0,0,0,0,0,0,31.6457,31.6457,73.116,73.116,0,0
6.262,0,0,0,0,0,0,0,0,0,31.8803,31.8803,72.747,72.747,0,0
6.264,0,0,0,0,0,0,0,0,0,32.1123,32.1123,72.382,72.382,0,0
6.266,0,0,0,0,0,0,0,0,0,32.3409,32.3409,72.0223,72.0223,0,0
6.268,0,0,0,0,0,0,0,0,0,32.5655,32.5655,71.669,71.669,0,0
6.27,0,0,0,0,0,0,0,0,0,32.7854,32.7854,71.3232,71.3232,0,0
6.272,0,0,0,0,0,0,0,0,0,32.9997,32.9997,70.986,70.986,0,0
6.274,0,0,0,0,0,0,0,0,0,33.2078,33.2078,70.6586,70.6586,0,0
6.276,0,0,0,0,0,0,0,0,0,33.4091,33.4091,70.342,70.342,0,0
6.278,0,0,0,0,0,0,0,0,0,33.6029,33.6029,70.0371,70.0371,0,0
6.28,0,0,0,0,0,0,0,0,0,33.7885,33.7885,69.7451,69.7451,0,0
6.282,0,0,0,0,0,0,0,0,0,33.9655,33.9655,69.4666,69.4666,0,0
6.284,0,0,0,0,0,0,0,0,0,34.1332,34.1332,69.2028,69.2028,0,0
6.286,0,0,0,0,0,0,0,0,0,34.2912,34.2912,68.9543,68.9543,0,0
6.288,0,0,0,0,0,0,0,0,0,34.4388,34.4388,68.7221,68.7221,0,0
6.29,0,0,0,0,0,0,0,0,0,34.5757,34.5757,68.5067,68.5067,0,0
6.292,0,0,0,0,0,0,0,0,0,34.7014,34.7014,68.3089,68.3089,0,0
6.294,0,0,0,0,0,0,0,0,0,34.8156,34.8156,68.1294,68.1294,0,0
6.296,0,0,0,0,0,0,0,0,0,34.9178,34.9178,67.9685,67.9685,0,0
6.298,0,0,0,0,0,0,0,0,0,35.0078,35.0078,67.827,67.827,0,0
6.3,0,0,0,0,0,0,0,0,0,35.0853,35.0853,67.705,67.705,0,0
6.302,0,0,0,0,0,0,0,0,0,35.1501,35.1501,67.6032,67.6032,0,0
6.304,0,0,0,0,0,0,0,0,0,35.2019,35.2019,67.5216,67.5216,0,0
6.306,0,0,0,0,0,0,0,0,0,35.2407,35.2407,67.4606,67.4606,0,0
6.308,0,0,0,0,0,0,0,0,0,35.2664,35.2664,67.4203,67.4203,0,0
6.31,0.3031,0,0,0,0,0,0,0,0,35.2788,35.2788,67.4007,67.4007,0,0
6.312,0.3031,0,0,0,0,0,0,0,0,35.278,35.278,67.402,67.402,0,0
6.314,0.3031,0,0,0,0,0,0,0,0,35.2639,35.2639,67.4241,67.4241,0,0
6.316,0.3031,0,0,0,0,0,0,0,0,35.2368,35.2368,67.4668,67.4668,0,0
6.318,0.3031,0,0,0,0,0,0,0,0,35.1966,35.1966,67.5299,67.5299,0,0
6.32,1.0128,0,0,0,0,0,0,0,0,35.1436,35.1436,67.6133,67.6133,0,0
6.322,1.0128,0,0,0,0,0,0,0,0,35.078,35.078,67.7166,67.7166,0,0
6.324,1.0128,0,0,0,0,0,0,0,0,35,35,67.8393,67.8393,0,0
6.326,1.0128,0,0,0,0,0,0,0,0,34.9098,34.9098,67.9812,67.9812,0,0
6.328,1.0128,0,0,0,0,0,0,0,0,34.8078,34.8078,68.1416,68.1416,0,0
6.33,1.609,0,0,0,0,0,0,0,0,34.6944,34.6944,68.32,68.32,0,0
6.332,1.609,0,0,0,0,0,0,0,0,34.57,34.57,68.5157,68.5157,0,0
6.334,1.609,0,0,0,0,0,0,0,0,34.4349,34.4349,68.7282,68.7282,0,0
6.336,1.609,0,0,0,0,0,0,0,0,34.2897,34.2897,68.9566,68.9566,0,0
6.338,1.609,0,0,0,0,0,0,0,0,34.1349,34.1349,69.2002,69.2002,0,0
6.34,2.0995,0,0,0,0,0,0,0,0,33.9709,33.9709,69.4582,69.4582,0,0
6.342,2.0995,0,0,0,0,0,0,0,0,33.7983,33.7983,69.7296,69.7296,0,0
6.344,2.0995,0,0,0,0,0,0,0,0,33.6178,33.6178,70.0136,70.0136,0,0
6.346,2.0995,0,0,0,0,0,0,0,0,33.4299,33.4299,70.3092,70.3092,0,0
6.348,2.0995,0,0,0,0,0,0,0,0,33.2353,33.2353,70.6154,70.6154,0,0
6.35,2.3953,0,0,0,0,0,0,0,0,33.0346,33.0346,70.9311,70.9311,0,0
6.352,2.3953,0,0,0,0,0,0,0,0,32.8285,32.8285,71.2554,71.2554,0,0
6.354,2.3953,0,0,0,0,0,0,0,0,32.6176,32.6176,71.5871,71.5871,0,0
6.356,2.3953,0,0,0,0,0,0,0,0,32.4027,32.4027,71.9251,71.9251,0,0
6.358,2.3953,0,0,0,0,0,0,0,0,32.1846,32.1846,72.2683,72.2683,0,0
6.36,2.507,0,0,0,0,0,0,0,0,31.9638,31.9638,72.6156,72.6156,0,0
6.362,2.507,0,0,0,0,0,0,0,0,31.7412,31.7412,72.9658,72.9658,0,0
6.364,2.507,0,0,0,0,0,0,0,0,31.5174,31.5174,73.3177,73.3177,0,0
6.366,2.507,0,0,0,0,0,0,0,0,31.2933,31.2933,73.6703,73.6703,0,0.0116
6.368,2.507,0,0,0,0,0,0,0,0,31.0696,31.0696,74.0223,74.0223,0,0.0165
6.37,2.3997,0,0,0,0,0,0,0,0,30.8469,30.8469,74.3726,74.3726,0,0.0213
6.372,2.3997,0,0,0,0,0,0,0,0,30.626,30.626,74.7201,74.7201,0,0.0261
6.374,2.3997,0,0,0,0,0,0,0,0,30.4077,30.4077,75.0635,75.0635,0,0.0307
6.376,2.3997,0,0,0,0,0,0,0,0,30.1926,30.1926,75.4019,75.4019,0,0.0353
6.378,2.3997,0,0,0,0,0,0,0,0,29.9814,29.9814,75.7341,75.7341,0,0.0397
6.38,2.1032,0,0,0,0,0,0,0,0,29.7749,29.7749,76.059,76.059,0,0.044
6.382,2.1032,0,0,0,0,0,0,0,0,29.5736,29.5736,76.3756,76.3756,0,0.0481
6.384,2.1032,0,0,0,0,0,0,0,0,29.3783,29.3783,76.6829,76.6829,0,0.0521
6.386,2.1032,0,0,0,0,0,0,0,0,29.1895,29.1895,76.9799,76.9799,0,0.0559
6.388,2.1032,0,0,0,0,0,0,0,0,29.0079,29.0079,77.2656,77.2656,0,0.0595
6.39,1.6413,0,0,0,0,0,0,0,0,28.834,28.834,77.5391,77.5391,0,0.0629
6.392,1.6413,0,0,0,0,0,0,0,0,28.6684,28.6684,77.7997,77.7997,0,0.066
6.394,1.6413,0,0,0,0,0,0,0,0,28.5116,28.5116,78.0463,78.0463,0,0.069
6.396,1.6413,0,0,0,0,0,0,0,0,28.364,28.364,78.2784,78.2784,0,0.0717
6.398,1.6413,0,0,0,0,0,0,0,0,28.2263,28.2263,78.4951,78.4951,0,0.0742
6.4,1.0574,0,0,0,0,0,0,0,0,28.0988,28.0988,78.6957,78.6957,0,0.0764
6.402,1.0574,0,0,0,0,0,0,0,0,27.9818,27.9818,78.8797,78.8797,0,0.0784
6.404,1.0574,0,0,0,0,0,0,0,0,27.8758,27.8758,79.0464,79.0464,0,0.0801
6.406,1.0574,0,0,0,0,0,0,0,0,27.7811,27.7811,79.1954,79.1954,0,0.0816
6.408,1.0574,0,0,0,0,0,0,0,0,27.698,27.698,79.3262,79.3262,0,0.0827
6.41,0.3809,0,0,0,0,0,0,0,0,27.6267,27.6267,79.4384,79.4384,0,0.0837
6.412,0.3809,0,0,0,0,0,0,0,0,27.5674,27.5674,79.5317,79.5317,0,0.0843
6.414,0.3809,0,0,0,0,0,0,0,0,27.5203,27.5203,79.6057,79.6057,0,0.0846
6.416,0.3809,0,0,0,0,0,0,0,0,27.4855,27.4855,79.6604,79.6604,0,0.0847
6.418,0.3809,0,0,0,0,0,0,0,0,27.4632,27.4632,79.6956,79.6956,0,0.0845
6.42,0,0,0,0,0,0,0,0,0,27.4533,27.4533,79.7112,79.7112,0,0.084
6.422,0,0,0,0,0,0,0,0,0,27.4558,27.4558,79.7071,79.7071,0,0.0833
6.424,0,0,0,0,0,0,0,0,0,27.4708,27.4708,79.6835,79.6835,0,0.0823
6.426,0,0,0,0,0,0,0,0,0,27.4982,27.4982,79.6405,79.6405,0,0.081
6.428,0,0,0,0,0,0,0,0,0,27.5378,27.5378,79.5782,79.5782,0,0.0794
6.43,0,0,0,0,0,0,0,0,0,27.5894,27.5894,79.497,79.497,0,0.0776
6.432,0,0,0,0,0,0,0,0,0,27.653,27.653,79.397,79.397,0,0.0756
6.434,0,0,0,0,0,0,0,0,0,27.7281,27.7281,79.2788,79.2788,0,0.0733
6.436,0,0,0,0,0,0,0,0,0,27.8147,27.8147,79.1426,79.1426,0,0.0707
6.438,0,0,0,0,0,0,0,0,0,27.9123,27.9123,78.989,78.989,0,0.068
6.44,0,0,0,0,0,0,0,0,0,28.0206,28.0206,78.8186,78.8186,0,0.065
6.442,0,0,0,0,0,0,0,0,0,28.1393,28.1393,78.6319,78.6319,0,0.0618
6.444,0,0,0,0,0,0,0,0,0,28.2679,28.2679,78.4296,78.4296,0,0.0584
6.446,0,0,0,0,0,0,0,0,0,28.406,28.406,78.2124,78.2124,0,0.0549
6.448,0,0,0,0,0,0,0,0,0,28.5531,28.5531,77.981,77.981,0,0.0511
6.45,0,0,0,0,0,0,0,0,0,28.7087,28.7087,77.7362,77.7362,0,0.0472
6.452,0,0,0,0,0,0,0,0,0,28.8723,28.8723,77.4789,77.4789,0,0.0432
6.454,0,0,0,0,0,0,0,0,0,29.0433,29.0433,77.2099,77.2099,0,0.039
6.456,0,0,0,0,0,0,0,0,0,29.2211,29.2211,76.9301,76.9301,0,0.0347
6.458,0,0,0,0,0,0,0,0,0,29.4052,29.4052,76.6405,76.6405,0,0.0303
6.46,0,0,0,0,0,0,0,0,0,29.595,29.595,76.342,76.342,0,0.0258
6.462,0,0,0,0,0,0,0,0,0,29.7897,29.7897,76.0357,76.0357,0,0.0213
6.464,0,0,0,0,0,0,0,0,0,29.9888,29.9888,75.7225,75.7225,0,0.0167
6.466,0,0,0,0,0,0,0,0,0,30.1915,30.1915,75.4035,75.4035,0,0.012
6.468,0,0,0,0,0,0,0,0,0,30.3973,30.3973,75.0798,75.0798,0,0
6.47,0,0,0,0,0,0,0,0,0,30.6054,30.6054,74.7524,74.7524,0,0
6.472,0,0,0,0,0,0,0,0,0,30.8152,30.8152,74.4224,74.4224,0,0
6.474,0,0,0,0,0,0,0,0,0,31.0259,31.0259,74.091,74.091,0,0
6.476,0,0,0,0,0,0,0,0,0,31.2369,31.2369,73.7591,73.7591,0,0
6.478,0,0,0,0,0,0,0,0,0,31.4475,31.4475,73.4278,73.4278,0,0
6.48,0,0,0,0,0,0,0,0,0,31.6569,31.6569,73.0983,73.0983,0,0
6.482,0,0,0,0,0,0,0,0,0,31.8646,31.8646,72.7717,72.7717,0,0
6.484,0,0,0,0,0,0,0,0,0,32.0698,32.0698,72.4489,72.4489,0,0
6.486,0,0,0,0,0,0,0,0,0,32.2718,32.2718,72.131,72.131,0,0
6.488,0,0,0,0,0,0,0,0,0,32.4701,32.4701,71.8191,71.8191,0,0
6.49,0,0,0,0,0,0,0,0,0,32.6639,32.6639,71.5142,71.5142,0,0
6.492,0,0,0,0,0,0,0,0,0,32.8527,32.8527,71.2172,71.2172,0,0
6.494,0,0,0,0,0,0,0,0,0,33.0359,33.0359,70.9291,70.9291,0,0
6.496,0,0,0,0,0,0,0,0,0,33.2128,33.2128,70.6508,70.6508,0,0
6.498,0,0,0,0,0,0,0,0,0,33.3829,33.3829,70.3832,70.3832,0,0
6.5,0,0,0,0,0,0,0,0,0,33.5457,33.5457,70.1271,70.1271,0,0
6.502,0,0,0,0,0,0,0,0,0,33.7006,33.7006,69.8834,69.8834,0,0
6.504,0,0,0,0,0,0,0,0,0,33.8472,33.8472,69.6528,69.6528,0,0
6.506,0,0,0,0,0,0,0,0,0,33.9849,33.9849,69.4361,69.4361,0,0
6.508,0,0,0,0,0,0,0,0,0,34.1134,34.1134,69.2339,69.2339,0,0
6.51,0,0,0,0,0,0,0,0,0,34.2323,34.2323,69.0469,69.0469,0,0
6.512,0,0,0,0,0,0,0,0,0,34.3412,34.3412,68.8757,68.8757,0,0
6.514,0,0,0,0,0,0,0,0,0,34.4397,34.4397,68.7207,68.7207,0,0
6.516,0,0,0,0,0,0,0,0,0,34.5276,34.5276,68.5825,68.5825,0,0
6.518,0,0,0,0,0,0,0,0,0,34.6045,34.6045,68.4615,68.4615,0,0
6.52,0,0,0,0,0,0,0,0,0,34.6703,34.6703,68.358,68.358,0,0
6.522,0,0,0,0,0,0,0,0,0,34.7247,34.7247,68.2723,68.2723,0,0
6.524,0,0,0,0,0,0,0,0,0,34.7676,34.7676,68.2048,68.2048,0,0
6.526,0,0,0,0,0,0,0,0,0,34.799,34.799,68.1555,68.1555,0,0
6.528,0,0,0,0,0,0,0,0,0,34.8186,34.8186,68.1247,68.1247,0,0
6.53,0.305,0,0,0,0,0,0,0,0,34.8265,34.8265,68.1123,68.1123,0,0
6.532,0.305,0,0,0,0,0,0,0,0,34.8226,34.8226,68.1183,68.1183,0,0
6.534,0.305,0,0,0,0,0,0,0,0,34.8071,34.8071,68.1428,68.1428,0,0
6.536,0.305,0,0,0,0,0,0,0,0,34.7799,34.7799,68.1856,68.1856,0,0
6.538,0.305,0,0,0,0,0,0,0,0,34.7412,34.7412,68.2464,68.2464,0,0
6.54,0.934,0,0,0,0,0,0,0,0,34.6911,34.6911,68.3252,68.3252,0,0
6.542,0.934,0,0,0,0,0,0,0,0,34.6299,34.6299,68.4215,68.4215,0,0
6.544,0.934,0,0,0,0,0,0,0,0,34.5577,34.5577,68.535,68.535,0,0
6.546,0.934,0,0,0,0,0,0,0,0,34.4749,34.4749,68.6654,68.6654,0,0
6.548,0.934,0,0,0,0,0,0,0,0,34.3816,34.3816,68.8121,68.8121,0,0
6.55,1.4714,0,0,0,0,0,0,0,0,34.2783,34.2783,68.9746,68.9746,0,0
6.552,1.4714,0,0,0,0,0,0,0,0,34.1653,34.1653,69.1524,69.1524,0,0
6.554,1.4714,0,0,0,0,0,0,0,0,34.0429,34.0429,69.3449,69.3449,0,0
6.556,1.4714,0,0,0,0,0,0,0,0,33.9117,33.9117,69.5513,69.5513,0,0
6.558,1.4714,0,0,0,0,0,0,0,0,33.772,33.772,69.771,69.771,0,0
6.56,1.8754,0,0,0,0,0,0,0,0,33.6244,33.6244,70.0033,70.0033,0,0
6.562,1.8754,0,0,0,0,0,0,0,0,33.4693,33.4693,70.2473,70.2473,0,0
6.564,1.8754,0,0,0,0,0,0,0,0,33.3072,33.3072,70.5022,70.5022,0,0
6.566,1.8754,0,0,0,0,0,0,0,0,33.1388,33.1388,70.7671,70.7671,0,0
6.568,1.8754,0,0,0,0,0,0,0,0,32.9645,32.9645,71.0413,71.0413,0,0
6.57,2.1306,0,0,0,0,0,0,0,0,32.785,32.785,71.3237,71.3237,0,0
6.572,2.1306,0,0,0,0,0,0,0,0,32.6009,32.6009,71.6133,71.6133,0,0
6.574,2.1306,0,0,0,0,0,0,0,0,32.4127,32.4127,71.9094,71.9094,0,0
6.576,2.1306,0,0,0,0,0,0,0,0,32.2212,32.2212,72.2107,72.2107,0,0
6.578,2.1306,0,0,0,0,0,0,0,0,32.0268,32.0268,72.5164,72.5164,0,0
6.58,2.2152,0,0,0,0,0,0,0,0,31.8304,31.8304,72.8255,72.8255,0,0
6.582,2.2152,0,0,0,0,0,0,0,0,31.6324,31.6324,73.1369,73.1369,0,0
6.584,2.2152,0,0,0,0,0,0,0,0,31.4337,31.4337,73.4495,73.4495,0,0
6.586,2.2152,0,0,0,0,0,0,0,0,31.2348,31.2348,73.7624,73.7624,0,0.0115
6.588,2.2152,0,0,0,0,0,0,0,0,31.0364,31.0364,74.0745,74.0745,0,0.0158
6.59,2.1354,0,0,0,0,0,0,0,0,30.8391,30.8391,74.3849,74.3849,0,0.0201
6.592,2.1354,0,0,0,0,0,0,0,0,30.6436,30.6436,74.6925,74.6925,0,0.0243
6.594,2.1354,0,0,0,0,0,0,0,0,30.4505,30.4505,74.9962,74.9962,0,0.0284
6.596,2.1354,0,0,0,0,0,0,0,0,30.2604,30.2604,75.2952,75.2952,0,0.0324
6.598,2.1354,0,0,0,0,0,0,0,0,30.074,30.074,75.5884,75.5884,0,0.0363
6.6,1.8468,0,0,0,0,0,0,0,0,29.8919,29.8919,75.8749,75.8749,0,0.0401
6.602,1.8468,0,0,0,0,0,0,0,0,29.7146,29.7146,76.1538,76.1538,0,0.0437
6.604,1.8468,0,0,0,0,0,0,0,0,29.5428,29.5428,76.4241,76.4241,0,0.0472
6.606,1.8468,0,0,0,0,0,0,0,0,29.3769,29.3769,76.6851,76.6851,0,0.0505
6.608,1.8468,0,0,0,0,0,0,0,0,29.2174,29.2174,76.9359,76.9359,0,0.0536
6.61,1.4302,0,0,0,0,0,0,0,0,29.065,29.065,77.1757,77.1757,0,0.0566
6.612,1.4302,0,0,0,0,0,0,0,0,28.9201,28.9201,77.4037,77.4037,0,0.0594
6.614,1.4302,0,0,0,0,0,0,0,0,28.7831,28.7831,77.6192,77.6192,0,0.0619
6.616,1.4302,0,0,0,0,0,0,0,0,28.6544,28.6544,77.8216,77.8216,0,0.0643
6.618,1.4302,0,0,0,0,0,0,0,0,28.5346,28.5346,78.0101,78.0101,0,0.0664
6.62,0.9108,0,0,0,0,0,0,0,0,28.4239,28.4239,78.1843,78.1843,0,0.0683
6.622,0.9108,0,0,0,0,0,0,0,0,28.3226,28.3226,78.3435,78.3435,0,0.07
6.624,0.9108,0,0,0,0,0,0,0,0,28.2312,28.2312,78.4873,78.4873,0,0.0715
6.626,0.9108,0,0,0,0,0,0,0,0,28.1499,28.1499,78.6153,78.6153,0,0.0727
6.628,0.9108,0,0,0,0,0,0,0,0,28.0789,28.0789,78.727,78.727,0,0.0737
6.63,0.3196,0,0,0,0,0,0,0,0,28.0184,28.0184,78.8221,78.8221,0,0.0744
6.632,0.3196,0,0,0,0,0,0,0,0,27.9687,27.9687,78.9003,78.9003,0,0.0749
6.634,0.3196,0,0,0,0,0,0,0,0,27.9298,27.9298,78.9615,78.9615,0,0.0752
6.636,0.3196,0,0,0,0,0,0,0,0,27.9019,27.9019,79.0054,79.0054,0,0.0752
6.638,0.3196,0,0,0,0,0,0,0,0,27.8851,27.8851,79.0319,79.0319,0,0.0749
6.64,0,0,0,0,0,0,0,0,0,27.8792,27.8792,79.0411,79.0411,0,0.0744
6.642,0,0,0,0,0,0,0,0,0,27.8845,27.8845,79.0328,79.0328,0,0.0737
6.644,0,0,0,0,0,0,0,0,0,27.9008,27.9008,79.0072,79.0072,0,0.0727
6.646,0,0,0,0,0,0,0,0,0,27.928,27.928,78.9644,78.9644,0,0.0715
6.648,0,0,0,0,0,0,0,0,0,27.966,27.966,78.9046,78.9046,0,0.0701
6.65,0,0,0,0,0,0,0,0,0,28.0147,28.0147,78.828,78.828,0,0.0684
6.652,0,0,0,0,0,0,0,0,0,28.0739,28.0739,78.7348,78.7348,0,0.0665
6.654,0,0,0,0,0,0,0,0,0,28.1434,28.1434,78.6255,78.6255,0,0.0644
6.656,0,0,0,0,0,0,0,0,0,28.2229,28.2229,78.5005,78.5005,0,0.0621
6.658,0,0,0,0,0,0,0,0,0,28.3121,28.3121,78.36,78.36,0,0.0596
6.66,0,0,0,0,0,0,0,0,0,28.4108,28.4108,78.2048,78.2048,0,0.0569
6.662,0,0,0,0,0,0,0,0,0,28.5186,28.5186,78.0353,78.0353,0,0.0541
6.664,0,0,0,0,0,0,0,0,0,28.6351,28.6351,77.852,77.852,0,0.051
6.666,0,0,0,0,0,0,0,0,0,28.7599,28.7599,77.6557,77.6557,0,0.0478
6.668,0,0,0,0,0,0,0,0,0,28.8925,28.8925,77.447,77.447,0,0.0444
6.67,0,0,0,0,0,0,0,0,0,29.0326,29.0326,77.2266,77.2266,0,0.041
6.672,0,0,0,0,0,0,0,0,0,29.1797,29.1797,76.9953,76.9953,0,0.0373
6.674,0,0,0,0,0,0,0,0,0,29.3332,29.3332,76.7538,76.7538,0,0.0336
6.676,0,0,0,0,0,0,0,0,0,29.4927,29.4927,76.503,76.503,0,0.0298
6.678,0,0,0,0,0,0,0,0,0,29.6575,29.6575,76.2436,76.2436,0,0.0258
6.68,0,0,0,0,0,0,0,0,0,29.8272,29.8272,75.9767,75.9767,0,0.0218
6.682,0,0,0,0,0,0,0,0,0,30.0012,30.0012,75.7029,75.7029,0,0.0178
6.684,0,0,0,0,0,0,0,0,0,30.1789,30.1789,75.4234,75.4234,0,0.0137
6.686,0,0,0,0,0,0,0,0,0,30.3597,30.3597,75.139,75.139,0,0
6.688,0,0,0,0,0,0,0,0,0,30.543,30.543,74.8506,74.8506,0,0
6.69,0,0,0,0,0,0,0,0,0,30.7283,30.7283,74.5592,74.5592,0,0
6.692,0,0,0,0,0,0,0,0,0,30.9148,30.9148,74.2658,74.2658,0,0
6.694,0,0,0,0,0,0,0,0,0,31.102,31.102,73.9713,73.9713,0,0
6.696,0,0,0,0,0,0,0,0,0,31.2893,31.2893,73.6767,73.6767,0,0
6.698,0,0,0,0,0,0,0,0,0,31.476,31.476,73.3829,73.3829,0,0
6.7,0,0,0,0,0,0,0,0,0,31.6616,31.6616,73.0909,73.0909,0,0
6.702,0,0,0,0,0,0,0,0,0,31.8454,31.8454,72.8018,72.8018,0,0
6.704,0,0,0,0,0,0,0,0,0,32.0269,32.0269,72.5163,72.5163,0,0
6.706,0,0,0,0,0,0,0,0,0,32.2055,32.2055,72.2354,72.2354,0,0
6.708,0,0,0,0,0,0,0,0,0,32.3805,32.3805,71.9601,71.9601,0,0
6.71,0,0,0,0,0,0,0,0,0,32.5514,32.5514,71.6912,71.6912,0,0
6.712,0,0,0,0,0,0,0,0,0,32.7177,32.7177,71.4295,71.4295,0,0
6.714,0,0,0,0,0,0,0,0,0,32.8789,32.8789,71.176,71.176,0,0
6.716,0,0,0,0,0,0,0,0,0,33.0344,33.0344,70.9314,70.9314,0,0
6.718,0,0,0,0,0,0,0,0,0,33.1837,33.1837,70.6966,70.6966,0,0
6.72,0,0,0,0,0,0,0,0,0,33.3263,33.3263,70.4721,70.4721,0,0
6.722,0,0,0,0,0,0,0,0,0,33.4619,33.4619,70.2589,70.2589,0,0
6.724,0,0,0,0,0,0,0,0,0,33.59,33.59,70.0574,70.0574,0,0
6.726,0,0,0,0,0,0,0,0,0,33.7101,33.7101,69.8685,69.8685,0,0
6.728,0,0,0,0,0,0,0,0,0,33.8219,33.8219,69.6926,69.6926,0,0
6.73,0,0,0,0,0,0,0,0,0,33.9251,33.9251,69.5303,69.5303,0,0
6.732,0,0,0,0,0,0,0,0,0,34.0192,34.0192,69.3821,69.3821,0,0
6.734,0,0,0,0,0,0,0,0,0,34.1042,34.1042,69.2486,69.2486,0,0
6.736,0,0,0,0,0,0,0,0,0,34.1795,34.1795,69.13,69.13,0,0
6.738,0,0,0,0,0,0,0,0,0,34.2452,34.2452,69.0267,69.0267,0,0
6.74,0,0,0,0,0,0,0,0,0,34.3009,34.3009,68.9391,68.9391,0,0
6.742,0,0,0,0,0,0,0,0,0,34.3464,34.3464,68.8674,68.8674,0,0
6.744,0,0,0,0,0,0,0,0,0,34.3818,34.3818,68.8119,68.8119,0,0
6.746,0,0,0,0,0,0,0,0,0,34.4067,34.4067,68.7725,68.7725,0,0
6.748,0,0,0,0,0,0,0,0,0,34.4213,34.4213,68.7496,68.7496,0,0
6.75,0.3039,0,0,0,0,0,0,0,0,34.4255,34.4255,68.743,68.743,0,0
6.752,0.3039,0,0,0,0,0,0,0,0,34.4192,34.4192,68.7529,68.7529,0,0
6.754,0.3039,0,0,0,0,0,0,0,0,34.4026,34.4026,68.779,68.779,0,0
6.756,0.3039,0,0,0,0,0,0,0,0,34.3757,34.3757,68.8214,68.8214,0,0
6.758,0.3039,0,0,0,0,0,0,0,0,34.3386,34.3386,68.8798,68.8798,0,0
6.76,0.8469,0,0,0,0,0,0,0,0,34.2914,34.2914,68.954,68.954,0,0
6.762,0.8469,0,0,0,0,0,0,0,0,34.2344,34.2344,69.0437,69.0437,0,0
6.764,0.8469,0,0,0,0,0,0,0,0,34.1677,34.1677,69.1486,69.1486,0,0
6.766,0.8469,0,0,0,0,0,0,0,0,34.0916,34.0916,69.2683,69.2683,0,0
6.768,0.8469,0,0,0,0,0,0,0,0,34.0063,34.0063,69.4025,69.4025,0,0
6.77,1.3206,0,0,0,0,0,0,0,0,33.9122,33.9122,69.5505,69.5505,0,0
6.772,1.3206,0,0,0,0,0,0,0,0,33.8095,33.8095,69.712,69.712,0,0
6.774,1.3206,0,0,0,0,0,0,0,0,33.6987,33.6987,69.8863,69.8863,0,0
6.776,1.3206,0,0,0,0,0,0,0,0,33.5801,33.5801,70.0729,70.0729,0,0
6.778,1.3206,0,0,0,0,0,0,0,0,33.4541,33.4541,70.2711,70.2711,0,0
6.78,1.6856,0,0,0,0,0,0,0,0,33.3212,33.3212,70.4803,70.4803,0,0
6.782,1.6856,0,0,0,0,0,0,0,0,33.1817,33.1817,70.6996,70.6996,0,0
6.784,1.6856,0,0,0,0,0,0,0,0,33.0362,33.0362,70.9285,70.9285,0,0
6.786,1.6856,0,0,0,0,0,0,0,0,32.8852,32.8852,71.1661,71.1661,0,0
6.788,1.6856,0,0,0,0,0,0,0,0,32.7291,32.7291,71.4116,71.4116,0,0
6.79,1.9073,0,0,0,0,0,0,0,0,32.5686,32.5686,71.6642,71.6642,0,0
6.792,1.9073,0,0,0,0,0,0,0,0,32.404,32.404,71.923,71.923,0,0
6.794,1.9073,0,0,0,0,0,0,0,0,32.2361,32.2361,72.1873,72.1873,0,0
6.796,1.9073,0,0,0,0,0,0,0,0,32.0652,32.0652,72.456,72.456,0,0
6.798,1.9073,0,0,0,0,0,0,0,0,31.8921,31.8921,72.7284,72.7284,0,0
6.8,1.9637,0,0,0,0,0,0,0,0,31.7172,31.7172,73.0035,73.0035,0,0
6.802,1.9637,0,0,0,0,0,0,0,0,31.5412,31.5412,73.2803,73.2803,0,0
6.804,1.9637,0,0,0,0,0,0,0,0,31.3646,31.3646,73.5581,73.5581,0,0
6.806,1.9637,0,0,0,0,0,0,0,0,31.1881,31.1881,73.8359,73.8359,0,0.0112
6.808,1.9637,0,0,0,0,0,0,0,0,31.0121,31.0121,74.1127,74.1127,0,0.0151
6.81,1.8885,0,0,0,0,0,0,0,0,30.8373,30.8373,74.3877,74.3877,0,0.0189
6.812,1.8885,0,0,0,0,0,0,0,0,30.6642,30.6642,74.66,74.66,0,0.0226
6.814,1.8885,0,0,0,0,0,0,0,0,30.4934,30.4934,74.9286,74.9286,0,0.0262
6.816,1.8885,0,0,0,0,0,0,0,0,30.3255,30.3255,75.1928,75.1928,0,0.0297
6.818,1.8885,0,0,0,0,0,0,0,0,30.161,30.161,75.4516,75.4516,0,0.0332
6.82,1.6241,0,0,0,0,0,0,0,0,30.0004,30.0004,75.7043,75.7043,0,0.0365
6.822,1.6241,0,0,0,0,0,0,0,0,29.8442,29.8442,75.9499,75.9499,0,0.0397
6.824,1.6241,0,0,0,0,0,0,0,0,29.693,29.693,76.1878,76.1878,0,0.0427
6.826,1.6241,0,0,0,0,0,0,0,0,29.5472,29.5472,76.4172,76.4172,0,0.0456
6.828,1.6241,0,0,0,0,0,0,0,0,29.4073,29.4073,76.6373,76.6373,0,0.0484
6.83,1.2584,0,0,0,0,0,0,0,0,29.2737,29.2737,76.8474,76.8474,0,0.051
6.832,1.2584,0,0,0,0,0,0,0,0,29.1469,29.1469,77.0469,77.0469,0,0.0534
6.834,1.2584,0,0,0,0,0,0,0,0,29.0272,29.0272,77.2352,77.2352,0,0.0556
6.836,1.2584,0,0,0,0,0,0,0,0,28.9151,28.9151,77.4116,77.4116,0,0.0576
6.838,1.2584,0,0,0,0,0,0,0,0,28.8108,28.8108,77.5756,77.5756,0,0.0595
6.84,0.7765,0,0,0,0,0,0,0,0,28.7148,28.7148,77.7267,77.7267,0,0.0611
6.842,0.7765,0,0,0,0,0,0,0,0,28.6272,28.6272,77.8644,77.8644,0,0.0626
6.844,0.7765,0,0,0,0,0,0,0,0,28.5485,28.5485,77.9883,77.9883,0,0.0638
6.846,0.7765,0,0,0,0,0,0,0,0,28.4787,28.4787,78.098,78.098,0,0.0649
6.848,0.7765,0,0,0,0,0,0,0,0,28.4182,28.4182,78.1932,78.1932,0,0.0657
6.85,0.2379,0,0,0,0,0,0,0,0,28.3671,28.3671,78.2736,78.2736,0,0.0663
6.852,0.2379,0,0,0,0,0,0,0,0,28.3256,28.3256,78.3389,78.3389,0,0.0666
6.854,0.2379,0,0,0,0,0,0,0,0,28.2937,28.2937,78.3891,78.3891,0,0.0668
6.856,0.2379,0,0,0,0,0,0,0,0,28.2716,28.2716,78.4239,78.4239,0,0.0667
6.858,0.2379,0,0,0,0,0,0,0,0,28.2593,28.2593,78.4432,78.4432,0,0.0665
6.86,0,0,0,0,0,0,0,0,0,28.2568,28.2568,78.4471,78.4471,0,0.066
6.862,0,0,0,0,0,0,0,0,0,28.2641,28.2641,78.4356,78.4356,0,0.0653
6.864,0,0,0,0,0,0,0,0,0,28.2812,28.2812,78.4087,78.4087,0,0.0643
6.866,0,0,0,0,0,0,0,0,0,28.308,28.308,78.3665,78.3665,0,0.0632
6.868,0,0,0,0,0,0,0,0,0,28.3444,28.3444,78.3093,78.3093,0,0.0619
6.87,0,0,0,0,0,0,0,0,0,28.3902,28.3902,78.2372,78.2372,0,0.0603
6.872,0,0,0,0,0,0,0,0,0,28.4453,28.4453,78.1506,78.1506,0,0.0586
6.874,0,0,0,0,0,0,0,0,0,28.5095,28.5095,78.0496,78.0496,0,0.0567
6.876,0,0,0,0,0,0,0,0,0,28.5825,28.5825,77.9348,77.9348,0,0.0546
6.878,0,0,0,0,0,0,0,0,0,28.6641,28.6641,77.8064,77.8064,0,0.0523
6.88,0,0,0,0,0,0,0,0,0,28.754,28.754,77.665,77.665,0,0.0499
6.882,0,0,0,0,0,0,0,0,0,28.8518,28.8518,77.5111,77.5111,0,0.0473
6.884,0,0,0,0,0,0,0,0,0,28.9573,28.9573,77.3451,77.3451,0,0.0445
6.886,0,0,0,0,0,0,0,0,0,29.0701,29.0701,77.1677,77.1677,0,0.0416
6.888,0,0,0,0,0,0,0,0,0,29.1898,29.1898,76.9794,76.9794,0,0.0386
6.89,0,0,0,0,0,0,0,0,0,29.316,29.316,76.7809,76.7809,0,0.0355
6.892,0,0,0,0,0,0,0,0,0,29.4482,29.4482,76.5729,76.5729,0,0.0323
6.894,0,0,0,0,0,0,0,0,0,29.586,29.586,76.3561,76.3561,0,0.0289
6.896,0,0,0,0,0,0,0,0,0,29.729,29.729,76.1311,76.1311,0,0.0255
6.898,0,0,0,0,0,0,0,0,0,29.8767,29.8767,75.8988,75.8988,0,0.022
6.9,0,0,0,0,0,0,0,0,0,30.0285,30.0285,75.66,75.66,0,0.0184
6.902,0,0,0,0,0,0,0,0,0,30.184,30.184,75.4154,75.4154,0,0.0148
6.904,0,0,0,0,0,0,0,0,0,30.3426,30.3426,75.1658,75.1658,0,0.0111
6.906,0,0,0,0,0,0,0,0,0,30.5039,30.5039,74.9121,74.9121,0,0
6.908,0,0,0,0,0,0,0,0,0,30.6673,30.6673,74.6552,74.6552,0,0
6.91,0,0,0,0,0,0,0,0,0,30.8322,30.8322,74.3958,74.3958,0,0
6.912,0,0,0,0,0,0,0,0,0,30.9981,30.9981,74.1348,74.1348,0,0
6.914,0,0,0,0,0,0,0,0,0,31.1644,31.1644,73.8731,73.8731,0,0
6.916,0,0,0,0,0,0,0,0,0,31.3307,31.3307,73.6115,73.6115,0,0
6.918,0,0,0,0,0,0,0,0,0,31.4963,31.4963,73.3509,73.3509,0,0
6.92,0,0,0,0,0,0,0,0,0,31.6608,31.6608,73.0922,73.0922,0,0
6.922,0,0,0,0,0,0,0,0,0,31.8236,31.8236,72.8362,72.8362,0,0
6.924,0,0,0,0,0,0,0,0,0,31.9841,31.9841,72.5836,72.5836,0,0
6.926,0,0,0,0,0,0,0,0,0,32.1419,32.1419,72.3354,72.3354,0,0
6.928,0,0,0,0,0,0,0,0,0,32.2964,32.2964,72.0923,72.0923,0,0
6.93,0,0,0,0,0,0,0,0,0,32.4472,32.4472,71.8552,71.8552,0,0
6.932,0,0,0,0,0,0,0,0,0,32.5937,32.5937,71.6247,71.6247,0,0
6.934,0,0,0,0,0,0,0,0,0,32.7355,32.7355,71.4016,71.4016,0,0
6.936,0,0,0,0,0,0,0,0,0,32.8721,32.8721,71.1867,71.1867,0,0
6.938,0,0,0,0,0,0,0,0,0,33.0032,33.0032,70.9805,70.9805,0,0
6.94,0,0,0,0,0,0,0,0,0,33.1282,33.1282,70.7838,70.7838,0,0
6.942,0,0,0,0,0,0,0,0,0,33.2468,33.2468,70.5972,70.5972,0,0
6.944,0,0,0,0,0,0,0,0,0,33.3587,33.3587,70.4213,70.4213,0,0
6.946,0,0,0,0,0,0,0,0,0,33.4634,33.4634,70.2566,70.2566,0,0
6.948,0,0,0,0,0,0,0,0,0,33.5606,33.5606,70.1036,70.1036,0,0
6.95,0,0,0,0,0,0,0,0,0,33.6501,33.6501,69.9629,69.9629,0,0
6.952,0,0,0,0,0,0,0,0,0,33.7315,33.7315,69.8348,69.8348,0,0
6.954,0,0,0,0,0,0,0,0,0,33.8046,33.8046,69.7198,69.7198,0,0
6.956,0,0,0,0,0,0,0,0,0,33.8692,33.8692,69.6182,69.6182,0,0
6.958,0,0,0,0,0,0,0,0,0,33.9251,33.9251,69.5303,69.5303,0,0
6.96,0,0,0,0,0,0,0,0,0,33.9721,33.9721,69.4563,69.4563,0,0
6.962,0,0,0,0,0,0,0,0,0,34.0101,34.0101,69.3966,69.3966,0,0
6.964,0,0,0,0,0,0,0,0,0,34.0389,34.0389,69.3512,69.3512,0,0
6.966,0,0,0,0,0,0,0,0,0,34.0586,34.0586,69.3202,69.3202,0,0
6.968,0,0,0,0,0,0,0,0,0,34.069,34.069,69.3039,69.3039,0,0
6.97,0.2983,0,0,0,0,0,0,0,0,34.0701,34.0701,69.3021,69.3021,0,0
6.972,0.2983,0,0,0,0,0,0,0,0,34.0621,34.0621,69.3148,69.3148,0,0
6.974,0.2983,0,0,0,0,0,0,0,0,34.0448,34.0448,69.342,69.342,0,0
6.976,0.2983,0,0,0,0,0,0,0,0,34.0183,34.0183,69.3836,69.3836,0,0
6.978,0.2983,0,0,0,0,0,0,0,0,33.9829,33.9829,69.4393,69.4393,0,0
6.98,0.7841,0,0,0,0,0,0,0,0,33.9386,33.9386,69.5091,69.5091,0,0
6.982,0.7841,0,0,0,0,0,0,0,0,33.8855,33.8855,69.5925,69.5925,0,0
6.984,0.7841,0,0,0,0,0,0,0,0,33.8239,33.8239,69.6894,69.6894,0,0
6.986,0.7841,0,0,0,0,0,0,0,0,33.7541,33.7541,69.7993,69.7993,0,0
6.988,0.7841,0,0,0,0,0,0,0,0,33.6761,33.6761,69.9219,69.9219,0,0
6.99,1.2044,0,0,0,0,0,0,0,0,33.5904,33.5904,70.0568,70.0568,0,0
6.992,1.2044,0,0,0,0,0,0,0,0,33.4972,33.4972,70.2034,70.2034,0,0
6.994,1.2044,0,0,0,0,0,0,0,0,33.3968,33.3968,70.3614,70.3614,0,0
6.996,1.2044,0,0,0,0,0,0,0,0,33.2895,33.2895,70.53,70.53,0,0
6.998,1.2044,0,0,0,0,0,0,0,0,33.1759,33.1759,70.7088,70.7088,0,0
7,1.5123,0,0,0,0,0,0,0,0,33.0561,33.0561,70.8972,70.8972,0,0
7.002,1.5123,0,0,0,0,0,0,0,0,32.9307,32.9307,71.0945,71.0945,0,0
7.004,1.5123,0,0,0,0,0,0,0,0,32.8001,32.8001,71.3,71.3,0,0
7.006,1.5123,0,0,0,0,0,0,0,0,32.6646,32.6646,71.5131,71.5131,0,0
7.008,1.5123,0,0,0,0,0,0,0,0,32.5248,32.5248,71.733,71.733,0,0
7.01,1.703,0,0,0,0,0,0,0,0,32.3812,32.3812,71.959,71.959,0,0
7.012,1.703,0,0,0,0,0,0,0,0,32.2341,32.2341,72.1904,72.1904,0,0
7.014,1.703,0,0,0,0,0,0,0,0,32.0841,32.0841,72.4263,72.4263,0,0
7.016,1.703,0,0,0,0,0,0,0,0,31.9317,31.9317,72.666,72.666,0,0
7.018,1.703,0,0,0,0,0,0,0,0,31.7774,31.7774,72.9087,72.9087,0,0
7.02,1.7492,0,0,0,0,0,0,0,0,31.6218,31.6218,73.1536,73.1536,0,0
7.022,1.7492,0,0,0,0,0,0,0,0,31.4652,31.4652,73.3999,73.3999,0,0
7.024,1.7492,0,0,0,0,0,0,0,0,31.3083,31.3083,73.6468,73.6468,0,0
7.026,1.7492,0,0,0,0,0,0,0,0,31.1515,31.1515,73.8934,73.8934,0,0.0109
7.028,1.7492,0,0,0,0,0,0,0,0,30.9954,30.9954,74.139,74.139,0,0.0143
7.03,1.664,0,0,0,0,0,0,0,0,30.8405,30.8405,74.3827,74.3827,0,0.0177
7.032,1.664,0,0,0,0,0,0,0,0,30.6872,30.6872,74.6238,74.6238,0,0.021
7.034,1.664,0,0,0,0,0,0,0,0,30.5361,30.5361,74.8614,74.8614,0,0.0242
7.036,1.664,0,0,0,0,0,0,0,0,30.3877,30.3877,75.0949,75.0949,0,0.0273
7.038,1.664,0,0,0,0,0,0,0,0,30.2425,30.2425,75.3234,75.3234,0,0.0303
7.04,1.4233,0,0,0,0,0,0,0,0,30.1008,30.1008,75.5462,75.5462,0,0.0332
7.042,1.4233,0,0,0,0,0,0,0,0,29.9633,29.9633,75.7627,75.7627,0,0.036
7.044,1.4233,0,0,0,0,0,0,0,0,29.8302,29.8302,75.972,75.972,0,0.0387
7.046,1.4233,0,0,0,0,0,0,0,0,29.7021,29.7021,76.1735,76.1735,0,0.0412
7.048,1.4233,0,0,0,0,0,0,0,0,29.5793,29.5793,76.3667,76.3667,0,0.0436
7.05,1.0724,0,0,0,0,0,0,0,0,29.4622,29.4622,76.5509,76.5509,0,0.0459
7.052,1.0724,0,0,0,0,0,0,0,0,29.3513,29.3513,76.7254,76.7254,0,0.048
7.054,1.0724,0,0,0,0,0,0,0,0,29.2467,29.2467,76.8898,76.8898,0,0.0499
7.056,1.0724,0,0,0,0,0,0,0,0,29.149,29.149,77.0435,77.0435,0,0.0517
7.058,1.0724,0,0,0,0,0,0,0,0,29.0584,29.0584,77.1861,77.1861,0,0.0533
7.06,0.6693,0,0,0,0,0,0,0,0,28.9751,28.9751,77.3171,77.3171,0,0.0547
7.062,0.6693,0,0,0,0,0,0,0,0,28.8995,28.8995,77.4361,77.4361,0,0.0559
7.064,0.6693,0,0,0,0,0,0,0,0,28.8317,28.8317,77.5427,77.5427,0,0.057
7.066,0.6693,0,0,0,0,0,0,0,0,28.772,28.772,77.6367,77.6367,0,0.0579
7.068,0.6693,0,0,0,0,0,0,0,0,28.7205,28.7205,77.7177,77.7177,0,0.0585
7.07,0.2054,0,0,0,0,0,0,0,0,28.6774,28.6774,77.7854,77.7854,0,0.059
7.072,0.2054,0,0,0,0,0,0,0,0,28.6429,28.6429,77.8398,77.8398,0,0.0593
7.074,0.2054,0,0,0,0,0,0,0,0,28.6169,28.6169,77.8806,77.8806,0,0.0594
7.076,0.2054,0,0,0,0,0,0,0,0,28.5997,28.5997,77.9077,77.9077,0,0.0593
7.078,0.2054,0,0,0,0,0,0,0,0,28.5912,28.5912,77.9211,77.9211,0,0.059
7.08,0,0,0,0,0,0,0,0,0,28.5914,28.5914,77.9208,77.9208,0,0.0585
7.082,0,0,0,0,0,0,0,0,0,28.6003,28.6003,77.9068,77.9068,0,0.0578
7.084,0,0,0,0,0,0,0,0,0,28.6179,28.6179,77.8791,77.8791,0,0.0569
7.086,0,0,0,0,0,0,0,0,0,28.644,28.644,77.8379,77.8379,0,0.0559
7.088,0,0,0,0,0,0,0,0,0,28.6787,28.6787,77.7834,77.7834,0,0.0546
7.09,0,0,0,0,0,0,0,0,0,28.7217,28.7217,77.7158,77.7158,0,0.0532
7.092,0,0,0,0,0,0,0,0,0,28.7729,28.7729,77.6352,77.6352,0,0.0516
7.094,0,0,0,0,0,0,0,0,0,28.8321,28.8321,77.5421,77.5421,0,0.0499
7.096,0,0,0,0,0,0,0,0,0,28.8991,28.8991,77.4367,77.4367,0,0.048
7.098,0,0,0,0,0,0,0,0,0,28.9737,28.9737,77.3194,77.3194,0,0.0459
7.1,0,0,0,0,0,0,0,0,0,29.0555,29.0555,77.1906,77.1906,0,0.0437
7.102,0,0,0,0,0,0,0,0,0,29.1444,29.1444,77.0508,77.0508,0,0.0413
7.104,0,0,0,0,0,0,0,0,0,29.24,29.24,76.9005,76.9005,0,0.0389
7.106,0,0,0,0,0,0,0,0,0,29.3419,29.3419,76.7401,76.7401,0,0.0363
7.108,0,0,0,0,0,0,0,0,0,29.4499,29.4499,76.5702,76.5702,0,0.0336
7.11,0,0,0,0,0,0,0,0,0,29.5636,29.5636,76.3914,76.3914,0,0.0307
7.112,0,0,0,0,0,0,0,0,0,29.6825,29.6825,76.2043,76.2043,0,0.0278
7.114,0,0,0,0,0,0,0,0,0,29.8063,29.8063,76.0096,76.0096,0,0.0248
7.116,0,0,0,0,0,0,0,0,0,29.9345,29.9345,75.8078,75.8078,0,0.0218
7.118,0,0,0,0,0,0,0,0,0,30.0668,30.0668,75.5997,75.5997,0,0.0186
7.12,0,0,0,0,0,0,0,0,0,30.2027,30.2027,75.386,75.386,0,0.0155
7.122,0,0,0,0,0,0,0,0,0,30.3417,30.3417,75.1673,75.1673,0,0.0122
7.124,0,0,0,0,0,0,0,0,0,30.4834,30.4834,74.9445,74.9445,0,0
7.126,0,0,0,0,0,0,0,0,0,30.6272,30.6272,74.7182,74.7182,0,0
7.128,0,0,0,0,0,0,0,0,0,30.7728,30.7728,74.4891,74.4891,0,0
7.13,0,0,0,0,0,0,0,0,0,30.9197,30.9197,74.2581,74.2581,0,0
7.132,0,0,0,0,0,0,0,0,0,31.0672,31.0672,74.026,74.026,0,0
7.134,0,0,0,0,0,0,0,0,0,31.2151,31.2151,73.7933,73.7933,0,0
7.136,0,0,0,0,0,0,0,0,0,31.3628,31.3628,73.5611,73.5611,0,0
7.138,0,0,0,0,0,0,0,0,0,31.5097,31.5097,73.3299,73.3299,0,0
7.14,0,0,0,0,0,0,0,0,0,31.6555,31.6555,73.1005,73.1005,0,0
7.142,0,0,0,0,0,0,0,0,0,31.7997,31.7997,72.8737,72.8737,0,0
7.144,0,0,0,0,0,0,0,0,0,31.9417,31.9417,72.6503,72.6503,0,0
7.146,0,0,0,0,0,0,0,0,0,32.0812,32.0812,72.4309,72.4309,0,0
7.148,0,0,0,0,0,0,0,0,0,32.2176,32.2176,72.2163,72.2163,0,0
7.15,0,0,0,0,0,0,0,0,0,32.3506,32.3506,72.0071,72.0071,0,0
7.152,0,0,0,0,0,0,0,0,0,32.4797,32.4797,71.804,71.804,0,0
7.154,0,0,0,0,0,0,0,0,0,32.6045,32.6045,71.6077,71.6077,0,0
7.156,0,0,0,0,0,0,0,0,0,32.7246,32.7246,71.4188,71.4188,0,0
7.158,0,0,0,0,0,0,0,0,0,32.8396,32.8396,71.2379,71.2379,0,0
7.16,0,0,0,0,0,0,0,0,0,32.9491,32.9491,71.0655,71.0655,0,0
7.162,0,0,0,0,0,0,0,0,0,33.0529,33.0529,70.9023,70.9023,0,0
7.164,0,0,0,0,0,0,0,0,0,33.1506,33.1506,70.7486,70.7486,0,0
7.166,0,0,0,0,0,0,0,0,0,33.2418,33.2418,70.6051,70.6051,0,0
7.168,0,0,0,0,0,0,0,0,0,33.3263,33.3263,70.4722,70.4722,0,0
7.17,0,0,0,0,0,0,0,0,0,33.4039,33.4039,70.3502,70.3502,0,0
7.172,0,0,0,0,0,0,0,0,0,33.4742,33.4742,70.2395,70.2395,0,0
7.174,0,0,0,0,0,0,0,0,0,33.5371,33.5371,70.1406,70.1406,0,0
7.176,0,0,0,0,0,0,0,0,0,33.5924,33.5924,70.0536,70.0536,0,0
7.178,0,0,0,0,0,0,0,0,0,33.6399,33.6399,69.9789,69.9789,0,0
7.18,0,0,0,0,0,0,0,0,0,33.6794,33.6794,69.9167,69.9167,0,0
7.182,0,0,0,0,0,0,0,0,0,33.7109,33.7109,69.8671,69.8671,0,0
7.184,0,0,0,0,0,0,0,0,0,33.7343,33.7343,69.8304,69.8304,0,0
7.186,0,0,0,0,0,0,0,0,0,33.7495,33.7495,69.8065,69.8065,0,0
7.188,0,0,0,0,0,0,0,0,0,33.7565,33.7565,69.7955,69.7955,0,0
7.19,0.298,0,0,0,0,0,0,0,0,33.7552,33.7552,69.7975,69.7975,0,0
7.192,0.298,0,0,0,0,0,0,0,0,33.7457,33.7457,69.8124,69.8124,0,0
7.194,0.298,0,0,0,0,0,0,0,0,33.7281,33.7281,69.8402,69.8402,0,0
7.196,0.298,0,0,0,0,0,0,0,0,33.7024,33.7024,69.8806,69.8806,0,0
7.198,0.298,0,0,0,0,0,0,0,0,33.6686,33.6686,69.9336,69.9336,0,0
7.2,0.714,0,0,0,0,0,0,0,0,33.6271,33.6271,69.999,69.999,0,0
7.202,0.714,0,0,0,0,0,0,0,0,33.5778,33.5778,70.0766,70.0766,0,0
7.204,0.714,0,0,0,0,0,0,0,0,33.521,33.521,70.1659,70.1659,0,0
7.206,0.714,0,0,0,0,0,0,0,0,33.4569,33.4569,70.2668,70.2668,0,0
7.208,0.714,0,0,0,0,0,0,0,0,33.3856,33.3856,70.3788,70.3788,0,0
7.21,1.0715,0,0,0,0,0,0,0,0,33.3076,33.3076,70.5017,70.5017,0,0
7.212,1.0715,0,0,0,0,0,0,0,0,33.2229,33.2229,70.6349,70.6349,0,0
7.214,1.0715,0,0,0,0,0,0,0,0,33.132,33.132,70.7779,70.7779,0,0
7.216,1.0715,0,0,0,0,0,0,0,0,33.035,33.035,70.9304,70.9304,0,0
7.218,1.0715,0,0,0,0,0,0,0,0,32.9325,32.9325,71.0918,71.0918,0,0
7.22,1.356,0,0,0,0,0,0,0,0,32.8246,32.8246,71.2615,71.2615,0,0
7.222,1.356,0,0,0,0,0,0,0,0,32.7118,32.7118,71.4389,71.4389,0,0
7.224,1.356,0,0,0,0,0,0,0,0,32.5944,32.5944,71.6235,71.6235,0,0
7.226,1.356,0,0,0,0,0,0,0,0,32.4729,32.4729,71.8147,71.8147,0,0
7.228,1.356,0,0,0,0,0,0,0,0,32.3477,32.3477,72.0117,72.0117,0,0
7.23,1.5095,0,0,0,0,0,0,0,0,32.2191,32.2191,72.214,72.214,0,0
7.232,1.5095,0,0,0,0,0,0,0,0,32.0876,32.0876,72.4208,72.4208,0,0
7.234,1.5095,0,0,0,0,0,0,0,0,31.9537,31.9537,72.6315,72.6315,0,0
7.236,1.5095,0,0,0,0,0,0,0,0,31.8177,31.8177,72.8454,72.8454,0,0
7.238,1.5095,0,0,0,0,0,0,0,0,31.6802,31.6802,73.0618,73.0618,0,0
7.24,1.5551,0,0,0,0,0,0,0,0,31.5415,31.5415,73.2799,73.2799,0,0
7.242,1.5551,0,0,0,0,0,0,0,0,31.4022,31.4022,73.499,73.499,0,0
7.244,1.5551,0,0,0,0,0,0,0,0,31.2627,31.2627,73.7184,73.7184,0,0
7.246,1.5551,0,0,0,0,0,0,0,0,31.1235,31.1235,73.9375,73.9375,0,0.0106
7.248,1.5551,0,0,0,0,0,0,0,0,30.985,30.985,74.1554,74.1554,0,0.0136
7.25,1.4554,0,0,0,0,0,0,0,0,30.8476,30.8476,74.3714,74.3714,0,0.0165
7.252,1.4554,0,0,0,0,0,0,0,0,30.7119,30.7119,74.5849,74.5849,0,0.0194
7.254,1.4554,0,0,0,0,0,0,0,0,30.5782,30.5782,74.7952,74.7952,0,0.0223
7.256,1.4554,0,0,0,0,0,0,0,0,30.4471,30.4471,75.0016,75.0016,0,0.025
7.258,1.4554,0,0,0,0,0,0,0,0,30.3188,30.3188,75.2034,75.2034,0,0.0277
7.26,1.2519,0,0,0,0,0,0,0,0,30.1938,30.1938,75.3999,75.3999,0,0.0302
7.262,1.2519,0,0,0,0,0,0,0,0,30.0726,30.0726,75.5906,75.5906,0,0.0327
7.264,1.2519,0,0,0,0,0,0,0,0,29.9555,29.9555,75.7748,75.7748,0,0.0351
7.266,1.2519,0,0,0,0,0,0,0,0,29.8429,29.8429,75.952,75.952,0,0.0373
7.268,1.2519,0,0,0,0,0,0,0,0,29.7351,29.7351,76.1215,76.1215,0,0.0394
7.27,0.9406,0,0,0,0,0,0,0,0,29.6326,29.6326,76.2829,76.2829,0,0.0413
7.272,0.9406,0,0,0,0,0,0,0,0,29.5355,29.5355,76.4356,76.4356,0,0.0432
7.274,0.9406,0,0,0,0,0,0,0,0,29.4443,29.4443,76.5791,76.5791,0,0.0448
7.276,0.9406,0,0,0,0,0,0,0,0,29.3591,29.3591,76.7131,76.7131,0,0.0464
7.278,0.9406,0,0,0,0,0,0,0,0,29.2803,29.2803,76.837,76.837,0,0.0478
7.28,0.5653,0,0,0,0,0,0,0,0,29.2082,29.2082,76.9505,76.9505,0,0.049
7.282,0.5653,0,0,0,0,0,0,0,0,29.1429,29.1429,77.0532,77.0532,0,0.05
7.284,0.5653,0,0,0,0,0,0,0,0,29.0846,29.0846,77.1449,77.1449,0,0.0509
7.286,0.5653,0,0,0,0,0,0,0,0,29.0335,29.0335,77.2252,77.2252,0,0.0516
7.288,0.5653,0,0,0,0,0,0,0,0,28.9898,28.9898,77.2939,77.2939,0,0.0522
7.29,0.1375,0,0,0,0,0,0,0,0,28.9537,28.9537,77.3509,77.3509,0,0.0525
7.292,0.1375,0,0,0,0,0,0,0,0,28.9251,28.9251,77.3958,77.3958,0,0.0527
7.294,0.1375,0,0,0,0,0,0,0,0,28.9042,28.9042,77.4287,77.4287,0,0.0528
7.296,0.1375,0,0,0,0,0,0,0,0,28.891,28.891,77.4495,77.4495,0,0.0526
7.298,0.1375,0,0,0,0,0,0,0,0,28.8856,28.8856,77.458,77.458,0,0.0523
7.3,0,0,0,0,0,0,0,0,0,28.8879,28.8879,77.4543,77.4543,0,0.0518
7.302,0,0,0,0,0,0,0,0,0,28.898,28.898,77.4385,77.4385,0,0.0512
7.304,0,0,0,0,0,0,0,0,0,28.9157,28.9157,77.4105,77.4105,0,0.0504
7.306,0,0,0,0,0,0,0,0,0,28.9411,28.9411,77.3706,77.3706,0,0.0494
7.308,0,0,0,0,0,0,0,0,0,28.974,28.974,77.3189,77.3189,0,0.0482
7.31,0,0,0,0,0,0,0,0,0,29.0143,29.0143,77.2555,77.2555,0,0.0469
7.312,0,0,0,0,0,0,0,0,0,29.0618,29.0618,77.1807,77.1807,0,0.0455
7.314,0,0,0,0,0,0,0,0,0,29.1164,29.1164,77.0949,77.0949,0,0.0439
7.316,0,0,0,0,0,0,0,0,0,29.1779,29.1779,76.9982,76.9982,0,0.0421
7.318,0,0,0,0,0,0,0,0,0,29.246,29.246,76.891,76.891,0,0.0403
7.32,0,0,0,0,0,0,0,0,0,29.3205,29.3205,76.7738,76.7738,0,0.0383
7.322,0,0,0,0,0,0,0,0,0,29.4012,29.4012,76.6468,76.6468,0,0.0362
7.324,0,0,0,0,0,0,0,0,0,29.4878,29.4878,76.5106,76.5106,0,0.0339
7.326,0,0,0,0,0,0,0,0,0,29.58,29.58,76.3656,76.3656,0,0.0316
7.328,0,0,0,0,0,0,0,0,0,29.6774,29.6774,76.2123,76.2123,0,0.0291
7.33,0,0,0,0,0,0,0,0,0,29.7798,29.7798,76.0512,76.0512,0,0.0266
7.332,0,0,0,0,0,0,0,0,0,29.8868,29.8868,75.883,75.883,0,0.024
7.334,0,0,0,0,0,0,0,0,0,29.998,29.998,75.708,75.708,0,0.0213
7.336,0,0,0,0,0,0,0,0,0,30.1131,30.1131,75.527,75.527,0,0.0186
7.338,0,0,0,0,0,0,0,0,0,30.2316,30.2316,75.3405,75.3405,0,0.0158
7.34,0,0,0,0,0,0,0,0,0,30.3532,30.3532,75.1492,75.1492,0,0.0129
7.342,0,0,0,0,0,0,0,0,0,30.4775,30.4775,74.9537,74.9537,0,0.01
7.344,0,0,0,0,0,0,0,0,0,30.6041,30.6041,74.7546,74.7546,0,0
7.346,0,0,0,0,0,0,0,0,0,30.7325,30.7325,74.5526,74.5526,0,0
7.348,0,0,0,0,0,0,0,0,0,30.8623,30.8623,74.3484,74.3484,0,0
7.35,0,0,0,0,0,0,0,0,0,30.9931,30.9931,74.1427,74.1427,0,0
7.352,0,0,0,0,0,0,0,0,0,31.1244,31.1244,73.9361,73.9361,0,0
7.354,0,0,0,0,0,0,0,0,0,31.2559,31.2559,73.7292,73.7292,0,0
7.356,0,0,0,0,0,0,0,0,0,31.387,31.387,73.5229,73.5229,0,0
7.358,0,0,0,0,0,0,0,0,0,31.5175,31.5175,73.3177,73.3177,0,0
7.36,0,0,0,0,0,0,0,0,0,31.6467,31.6467,73.1144,73.1144,0,0
7.362,0,0,0,0,0,0,0,0,0,31.7744,31.7744,72.9135,72.9135,0,0
7.364,0,0,0,0,0,0,0,0,0,31.9001,31.9001,72.7158,72.7158,0,0
7.366,0,0,0,0,0,0,0,0,0,32.0234,32.0234,72.5218,72.5218,0,0
7.368,0,0,0,0,0,0,0,0,0,32.1439,32.1439,72.3323,72.3323,0,0
7.37,0,0,0,0,0,0,0,0,0,32.2612,32.2612,72.1477,72.1477,0,0
7.372,0,0,0,0,0,0,0,0,0,32.375,32.375,71.9688,71.9688,0,0
7.374,0,0,0,0,0,0,0,0,0,32.4848,32.4848,71.796,71.796,0,0
7.376,0,0,0,0,0,0,0,0,0,32.5903,32.5903,71.63,71.63,0,0
7.378,0,0,0,0,0,0,0,0,0,32.6913,32.6913,71.4712,71.4712,0,0
7.38,0,0,0,0,0,0,0,0,0,32.7873,32.7873,71.3201,71.3201,0,0
7.382,0,0,0,0,0,0,0,0,0,32.8781,32.8781,71.1773,71.1773,0,0
7.384,0,0,0,0,0,0,0,0,0,32.9633,32.9633,71.0432,71.0432,0,0
7.386,0,0,0,0,0,0,0,0,0,33.0428,33.0428,70.9182,70.9182,0,0
7.388,0,0,0,0,0,0,0,0,0,33.1163,33.1163,70.8026,70.8026,0,0
7.39,0,0,0,0,0,0,0,0,0,33.1834,33.1834,70.6969,70.6969,0,0
7.392,0,0,0,0,0,0,0,0,0,33.2441,33.2441,70.6015,70.6015,0,0
7.394,0,0,0,0,0,0,0,0,0,33.2982,33.2982,70.5164,70.5164,0,0
7.396,0,0,0,0,0,0,0,0,0,33.3454,33.3454,70.4421,70.4421,0,0
7.398,0,0,0,0,0,0,0,0,0,33.3857,33.3857,70.3788,70.3788,0,0
7.4,0,0,0,0,0,0,0,0,0,33.4188,33.4188,70.3266,70.3266,0,0
7.402,0,0,0,0,0,0,0,0,0,33.4449,33.4449,70.2857,70.2857,0,0
7.404,0,0,0,0,0,0,0,0,0,33.4636,33.4636,70.2562,70.2562,0,0
7.406,0,0,0,0,0,0,0,0,0,33.4751,33.4751,70.2382,70.2382,0,0
7.408,0,0,0,0,0,0,0,0,0,33.4792,33.4792,70.2317,70.2317,0,0
7.41,0.2851,0,0,0,0,0,0,0,0,33.476,33.476,70.2367,70.2367,0,0
7.412,0.2851,0,0,0,0,0,0,0,0,33.4656,33.4656,70.2531,70.2531,0,0
7.414,0.2851,0,0,0,0,0,0,0,0,33.4479,33.4479,70.281,70.281,0,0
7.416,0.2851,0,0,0,0,0,0,0,0,33.423,33.423,70.3201,70.3201,0,0
7.418,0.2851,0,0,0,0,0,0,0,0,33.391,33.391,70.3704,70.3704,0,0
7.42,0.669,0,0,0,0,0,0,0,0,33.3521,33.3521,70.4316,70.4316,0,0
7.422,0.669,0,0,0,0,0,0,0,0,33.3064,33.3064,70.5035,70.5035,0,0
7.424,0.669,0,0,0,0,0,0,0,0,33.2541,33.2541,70.5858,70.5858,0,0
7.426,0.669,0,0,0,0,0,0,0,0,33.1953,33.1953,70.6784,70.6784,0,0
7.428,0.669,0,0,0,0,0,0,0,0,33.1302,33.1302,70.7807,70.7807,0,0
7.43,0.9782,0,0,0,0,0,0,0,0,33.0591,33.0591,70.8926,70.8926,0,0
7.432,0.9782,0,0,0,0,0,0,0,0,32.9822,32.9822,71.0135,71.0135,0,0
7.434,0.9782,0,0,0,0,0,0,0,0,32.8998,32.8998,71.1431,71.1431,0,0
7.436,0.9782,0,0,0,0,0,0,0,0,32.8122,32.8122,71.281,71.281,0,0
7.438,0.9782,0,0,0,0,0,0,0,0,32.7196,32.7196,71.4266,71.4266,0,0
7.44,1.2127,0,0,0,0,0,0,0,0,32.6224,32.6224,71.5795,71.5795,0,0
7.442,1.2127,0,0,0,0,0,0,0,0,32.5209,32.5209,71.7392,71.7392,0,0
7.444,1.2127,0,0,0,0,0,0,0,0,32.4155,32.4155,71.905,71.905,0,0
7.446,1.2127,0,0,0,0,0,0,0,0,32.3065,32.3065,72.0765,72.0765,0,0
7.448,1.2127,0,0,0,0,0,0,0,0,32.1942,32.1942,72.2531,72.2531,0,0
7.45,1.3571,0,0,0,0,0,0,0,0,32.0791,32.0791,72.4342,72.4342,0,0
7.452,1.3571,0,0,0,0,0,0,0,0,31.9615,31.9615,72.6192,72.6192,0,0
7.454,1.3571,0,0,0,0,0,0,0,0,31.8418,31.8418,72.8074,72.8074,0,0
7.456,1.3571,0,0,0,0,0,0,0,0,31.7205,31.7205,72.9983,72.9983,0,0
7.458,1.3571,0,0,0,0,0,0,0,0,31.5979,31.5979,73.1912,73.1912,0,0
7.46,1.3887,0,0,0,0,0,0,0,0,31.4744,31.4744,73.3855,73.3855,0,0
7.462,1.3887,0,0,0,0,0,0,0,0,31.3504,31.3504,73.5805,73.5805,0,0
7.464,1.3887,0,0,0,0,0,0,0,0,31.2263,31.2263,73.7757,73.7757,0,0
7.466,1.3887,0,0,0,0,0,0,0,0,31.1027,31.1027,73.9702,73.9702,0,0.0102
7.468,1.3887,0,0,0,0,0,0,0,0,30.9797,30.9797,74.1636,74.1636,0,0.0128
7.47,1.2997,0,0,0,0,0,0,0,0,30.8579,30.8579,74.3552,74.3552,0,0.0155
7.472,1.2997,0,0,0,0,0,0,0,0,30.7377,30.7377,74.5444,74.5444,0,0.018
7.474,1.2997,0,0,0,0,0,0,0,0,30.6194,30.6194,74.7305,74.7305,0,0.0205
7.476,1.2997,0,0,0,0,0,0,0,0,30.5034,30.5034,74.9129,74.9129,0,0.0229
7.478,1.2997,0,0,0,0,0,0,0,0,30.3901,30.3901,75.0912,75.0912,0,0.0253
7.48,1.1063,0,0,0,0,0,0,0,0,30.2799,30.2799,75.2646,75.2646,0,0.0275
7.482,1.1063,0,0,0,0,0,0,0,0,30.1731,30.1731,75.4326,75.4326,0,0.0297
7.484,1.1063,0,0,0,0,0,0,0,0,30.07,30.07,75.5947,75.5947,0,0.0318
7.486,1.1063,0,0,0,0,0,0,0,0,29.971,29.971,75.7504,75.7504,0,0.0337
7.488,1.1063,0,0,0,0,0,0,0,0,29.8764,29.8764,75.8992,75.8992,0,0.0355
7.49,0.8273,0,0,0,0,0,0,0,0,29.7866,29.7866,76.0406,76.0406,0,0.0372
7.492,0.8273,0,0,0,0,0,0,0,0,29.7016,29.7016,76.1742,76.1742,0,0.0388
7.494,0.8273,0,0,0,0,0,0,0,0,29.622,29.622,76.2995,76.2995,0,0.0403
7.496,0.8273,0,0,0,0,0,0,0,0,29.5478,29.5478,76.4162,76.4162,0,0.0416
7.498,0.8273,0,0,0,0,0,0,0,0,29.4794,29.4794,76.5238,76.5238,0,0.0428
7.5,0.4936,0,0,0,0,0,0,0,0,29.4169,29.4169,76.6221,76.6221,0,0.0438
7.502,0.4936,0,0,0,0,0,0,0,0,29.3606,29.3606,76.7108,76.7108,0,0.0447
7.504,0.4936,0,0,0,0,0,0,0,0,29.3105,29.3105,76.7895,76.7895,0,0.0455
7.506,0.4936,0,0,0,0,0,0,0,0,29.2669,29.2669,76.8581,76.8581,0,0.0461
7.508,0.4936,0,0,0,0,0,0,0,0,29.2299,29.2299,76.9163,76.9163,0,0.0465
7.51,0.1093,0,0,0,0,0,0,0,0,29.1996,29.1996,76.9639,76.9639,0,0.0468
7.512,0.1093,0,0,0,0,0,0,0,0,29.1761,29.1761,77.0009,77.0009,0,0.0469
7.514,0.1093,0,0,0,0,0,0,0,0,29.1594,29.1594,77.0272,77.0272,0,0.0469
7.516,0.1093,0,0,0,0,0,0,0,0,29.1497,29.1497,77.0426,77.0426,0,0.0468
7.518,0.1093,0,0,0,0,0,0,0,0,29.1468,29.1468,77.0471,77.0471,0,0.0464
7.52,0,0,0,0,0,0,0,0,0,29.1508,29.1508,77.0408,77.0408,0,0.046
7.522,0,0,0,0,0,0,0,0,0,29.1617,29.1617,77.0236,77.0236,0,0.0453
7.524,0,0,0,0,0,0,0,0,0,29.1794,29.1794,76.9958,76.9958,0,0.0446
7.526,0,0,0,0,0,0,0,0,0,29.2038,29.2038,76.9573,76.9573,0,0.0436
7.528,0,0,0,0,0,0,0,0,0,29.235,29.235,76.9084,76.9084,0,0.0426
7.53,0,0,0,0,0,0,0,0,0,29.2726,29.2726,76.8491,76.8491,0,0.0414
7.532,0,0,0,0,0,0,0,0,0,29.3166,29.3166,76.7798,76.7798,0,0.0401
7.534,0,0,0,0,0,0,0,0,0,29.3669,29.3669,76.7007,76.7007,0,0.0386
7.536,0,0,0,0,0,0,0,0,0,29.4233,29.4233,76.6121,76.6121,0,0.037
7.538,0,0,0,0,0,0,0,0,0,29.4855,29.4855,76.5142,76.5142,0,0.0353
7.54,0,0,0,0,0,0,0,0,0,29.5534,29.5534,76.4074,76.4074,0,0.0335
7.542,0,0,0,0,0,0,0,0,0,29.6267,29.6267,76.2922,76.2922,0,0.0316
7.544,0,0,0,0,0,0,0,0,0,29.7051,29.7051,76.1688,76.1688,0,0.0296
7.546,0,0,0,0,0,0,0,0,0,29.7884,29.7884,76.0377,76.0377,0,0.0275
7.548,0,0,0,0,0,0,0,0,0,29.8764,29.8764,75.8993,75.8993,0,0.0253
7.55,0,0,0,0,0,0,0,0,0,29.9686,29.9686,75.7542,75.7542,0,0.023
7.552,0,0,0,0,0,0,0,0,0,30.0649,30.0649,75.6028,75.6028,0,0.0207
7.554,0,0,0,0,0,0,0,0,0,30.1648,30.1648,75.4456,75.4456,0,0.0183
7.556,0,0,0,0,0,0,0,0,0,30.2681,30.2681,75.2831,75.2831,0,0.0158
7.558,0,0,0,0,0,0,0,0,0,30.3743,30.3743,75.116,75.116,0,0.0133
7.56,0,0,0,0,0,0,0,0,0,30.4832,30.4832,74.9447,74.9447,0,0.0108
7.562,0,0,0,0,0,0,0,0,0,30.5944,30.5944,74.7698,74.7698,0,0
7.564,0,0,0,0,0,0,0,0,0,30.7075,30.7075,74.5919,74.5919,0,0
7.566,0,0,0,0,0,0,0,0,0,30.8221,30.8221,74.4116,74.4116,0,0
7.568,0,0,0,0,0,0,0,0,0,30.9378,30.9378,74.2295,74.2295,0,0
7.57,0,0,0,0,0,0,0,0,0,31.0544,31.0544,74.0462,74.0462,0,0
7.572,0,0,0,0,0,0,0,0,0,31.1713,31.1713,73.8623,73.8623,0,0
7.574,0,0,0,0,0,0,0,0,0,31.2882,31.2882,73.6784,73.6784,0,0
7.576,0,0,0,0,0,0,0,0,0,31.4047,31.4047,73.495,73.495,0,0
7.578,0,0,0,0,0,0,0,0,0,31.5205,31.5205,73.3129,73.3129,0,0
7.58,0,0,0,0,0,0,0,0,0,31.6352,31.6352,73.1325,73.1325,0,0
7.582,0,0,0,0,0,0,0,0,0,31.7483,31.7483,72.9546,72.9546,0,0
7.584,0,0,0,0,0,0,0,0,0,31.8596,31.8596,72.7795,72.7795,0,0
7.586,0,0,0,0,0,0,0,0,0,31.9686,31.9686,72.608,72.608,0,0
7.588,0,0,0,0,0,0,0,0,0,32.075,32.075,72.4406,72.4406,0,0
7.59,0,0,0,0,0,0,0,0,0,32.1785,32.1785,72.2778,72.2778,0,0
7.592,0,0,0,0,0,0,0,0,0,32.2788,32.2788,72.1201,72.1201,0,0
7.594,0,0,0,0,0,0,0,0,0,32.3755,32.3755,71.968,71.968,0,0
7.596,0,0,0,0,0,0,0,0,0,32.4682,32.4682,71.822,71.822,0,0
7.598,0,0,0,0,0,0,0,0,0,32.5568,32.5568,71.6827,71.6827,0,0
7.6,0,0,0,0,0,0,0,0,0,32.641,32.641,71.5503,71.5503,0,0
7.602,0,0,0,0,0,0,0,0,0,32.7204,32.7204,71.4254,71.4254,0,0
7.604,0,0,0,0,0,0,0,0,0,32.7948,32.7948,71.3083,71.3083,0,0
7.606,0,0,0,0,0,0,0,0,0,32.864,32.864,71.1994,71.1994,0,0
7.608,0,0,0,0,0,0,0,0,0,32.9278,32.9278,71.0991,71.0991,0,0
7.61,0,0,0,0,0,0,0,0,0,32.986,32.986,71.0076,71.0076,0,0
7.612,0,0,0,0,0,0,0,0,0,33.0383,33.0383,70.9252,70.9252,0,0
7.614,0,0,0,0,0,0,0,0,0,33.0847,33.0847,70.8522,70.8522,0,0
7.616,0,0,0,0,0,0,0,0,0,33.125,33.125,70.7889,70.7889,0,0
7.618,0,0,0,0,0,0,0,0,0,33.159,33.159,70.7353,70.7353,0,0
7.62,0,0,0,0,0,0,0,0,0,33.1868,33.1868,70.6917,70.6917,0,0
7.622,0,0,0,0,0,0,0,0,0,33.2081,33.2081,70.6582,70.6582,0,0
7.624,0,0,0,0,0,0,0,0,0,33.2229,33.2229,70.6348,70.6348,0,0
7.626,0,0,0,0,0,0,0,0,0,33.2313,33.2313,70.6216,70.6216,0,0
7.628,0,0,0,0,0,0,0,0,0,33.2332,33.2332,70.6187,70.6187,0,0
7.63,0.264,0,0,0,0,0,0,0,0,33.2285,33.2285,70.6261,70.6261,0,0
7.632,0.264,0,0,0,0,0,0,0,0,33.2174,33.2174,70.6436,70.6436,0,0
7.634,0.264,0,0,0,0,0,0,0,0,33.1998,33.1998,70.6712,70.6712,0,0
7.636,0.264,0,0,0,0,0,0,0,0,33.1759,33.1759,70.7088,70.7088,0,0
7.638,0.264,0,0,0,0,0,0,0,0,33.1457,33.1457,70.7563,70.7563,0,0
7.64,0.598,0,0,0,0,0,0,0,0,33.1094,33.1094,70.8134,70.8134,0,0
7.642,0.598,0,0,0,0,0,0,0,0,33.067,33.067,70.8801,70.8801,0,0
7.644,0.598,0,0,0,0,0,0,0,0,33.0188,33.0188,70.9559,70.9559,0,0
7.646,0.598,0,0,0,0,0,0,0,0,32.9649,32.9649,71.0408,71.0408,0,0
7.648,0.598,0,0,0,0,0,0,0,0,32.9054,32.9054,71.1343,71.1343,0,0
7.65,0.8844,0,0,0,0,0,0,0,0,32.8407,32.8407,71.2361,71.2361,0,0
7.652,0.8844,0,0,0,0,0,0,0,0,32.7709,32.7709,71.3459,71.3459,0,0
7.654,0.8844,0,0,0,0,0,0,0,0,32.6962,32.6962,71.4634,71.4634,0,0
7.656,0.8844,0,0,0,0,0,0,0,0,32.617,32.617,71.588,71.588,0,0
7.658,0.8844,0,0,0,0,0,0,0,0,32.5334,32.5334,71.7195,71.7195,0,0
7.66,1.0892,0,0,0,0,0,0,0,0,32.4459,32.4459,71.8572,71.8572,0,0
7.662,1.0892,0,0,0,0,0,0,0,0,32.3545,32.3545,72.0009,72.0009,0,0
7.664,1.0892,0,0,0,0,0,0,0,0,32.2598,32.2598,72.1499,72.1499,0,0
7.666,1.0892,0,0,0,0,0,0,0,0,32.1619,32.1619,72.3039,72.3039,0,0
7.668,1.0892,0,0,0,0,0,0,0,0,32.0613,32.0613,72.4622,72.4622,0,0
7.67,1.2132,0,0,0,0,0,0,0,0,31.9582,31.9582,72.6243,72.6243,0,0
7.672,1.2132,0,0,0,0,0,0,0,0,31.853,31.853,72.7898,72.7898,0,0
7.674,1.2132,0,0,0,0,0,0,0,0,31.7461,31.7461,72.958,72.958,0,0
7.676,1.2132,0,0,0,0,0,0,0,0,31.6378,31.6378,73.1284,73.1284,0,0
7.678,1.2132,0,0,0,0,0,0,0,0,31.5284,31.5284,73.3005,73.3005,0,0
7.68,1.2241,0,0,0,0,0,0,0,0,31.4184,31.4184,73.4736,73.4736,0,0
7.682,1.2241,0,0,0,0,0,0,0,0,31.308,31.308,73.6472,73.6472,0,0
7.684,1.2241,0,0,0,0,0,0,0,0,31.1977,31.1977,73.8208,73.8208,0,0
7.686,1.2241,0,0,0,0,0,0,0,0,31.0878,31.0878,73.9937,73.9937,0,0
7.688,1.2241,0,0,0,0,0,0,0,0,30.9786,30.9786,74.1654,74.1654,0,0.0121
7.69,1.1551,0,0,0,0,0,0,0,0,30.8706,30.8706,74.3353,74.3353,0,0.0144
7.692,1.1551,0,0,0,0,0,0,0,0,30.7641,30.7641,74.5029,74.5029,0,0.0167
7.694,1.1551,0,0,0,0,0,0,0,0,30.6593,30.6593,74.6677,74.6677,0,0.0189
7.696,1.1551,0,0,0,0,0,0,0,0,30.5568,30.5568,74.829,74.829,0,0.021
7.698,1.1551,0,0,0,0,0,0,0,0,30.4567,30.4567,74.9864,74.9864,0,0.0231
7.7,0.979,0,0,0,0,0,0,0,0,30.3594,30.3594,75.1394,75.1394,0,0.0251
7.702,0.979,0,0,0,0,0,0,0,0,30.2653,30.2653,75.2875,75.2875,0,0.027
7.704,0.979,0,0,0,0,0,0,0,0,30.1746,30.1746,75.4302,75.4302,0,0.0288
7.706,0.979,0,0,0,0,0,0,0,0,30.0876,30.0876,75.5671,75.5671,0,0.0305
7.708,0.979,0,0,0,0,0,0,0,0,30.0045,30.0045,75.6977,75.6977,0,0.0321
7.71,0.7238,0,0,0,0,0,0,0,0,29.9258,29.9258,75.8216,75.8216,0,0.0336
7.712,0.7238,0,0,0,0,0,0,0,0,29.8515,29.8515,75.9384,75.9384,0,0.0349
7.714,0.7238,0,0,0,0,0,0,0,0,29.782,29.782,76.0478,76.0478,0,0.0362
7.716,0.7238,0,0,0,0,0,0,0,0,29.7174,29.7174,76.1494,76.1494,0,0.0374
7.718,0.7238,0,0,0,0,0,0,0,0,29.658,29.658,76.2429,76.2429,0,0.0384
7.72,0.41,0,0,0,0,0,0,0,0,29.6039,29.6039,76.328,76.328,0,0.0393
7.722,0.41,0,0,0,0,0,0,0,0,29.5553,29.5553,76.4044,76.4044,0,0.04
7.724,0.41,0,0,0,0,0,0,0,0,29.5124,29.5124,76.4719,76.4719,0,0.0406
7.726,0.41,0,0,0,0,0,0,0,0,29.4753,29.4753,76.5303,76.5303,0,0.0411
7.728,0.41,0,0,0,0,0,0,0,0,29.444,29.444,76.5795,76.5795,0,0.0415
7.73,0.0851,0,0,0,0,0,0,0,0,29.4188,29.4188,76.6192,76.6192,0,0.0417
7.732,0.0851,0,0,0,0,0,0,0,0,29.3995,29.3995,76.6495,76.6495,0,0.0418
7.734,0.0851,0,0,0,0,0,0,0,0,29.3864,29.3864,76.6701,76.6701,0,0.0417
7.736,0.0851,0,0,0,0,0,0,0,0,29.3795,29.3795,76.6811,76.6811,0,0.0416
7.738,0.0851,0,0,0,0,0,0,0,0,29.3786,29.3786,76.6824,76.6824,0,0.0412
7.74,0,0,0,0,0,0,0,0,0,29.3839,29.3839,76.674,76.674,0,0.0408
7.742,0,0,0,0,0,0,0,0,0,29.3953,29.3953,76.6561,76.6561,0,0.0402
7.744,0,0,0,0,0,0,0,0,0,29.4128,29.4128,76.6286,76.6286,0,0.0394
7.746,0,0,0,0,0,0,0,0,0,29.4362,29.4362,76.5917,76.5917,0,0.0386
7.748,0,0,0,0,0,0,0,0,0,29.4656,29.4656,76.5456,76.5456,0,0.0376
7.75,0,0,0,0,0,0,0,0,0,29.5007,29.5007,76.4903,76.4903,0,0.0365
7.752,0,0,0,0,0,0,0,0,0,29.5415,29.5415,76.4261,76.4261,0,0.0353
7.754,0,0,0,0,0,0,0,0,0,29.5878,29.5878,76.3533,76.3533,0,0.034
7.756,0,0,0,0,0,0,0,0,0,29.6394,29.6394,76.2721,76.2721,0,0.0325
7.758,0,0,0,0,0,0,0,0,0,29.6963,29.6963,76.1827,76.1827,0,0.031
7.76,0,0,0,0,0,0,0,0,0,29.758,29.758,76.0855,76.0855,0,0.0294
7.762,0,0,0,0,0,0,0,0,0,29.8246,29.8246,75.9808,75.9808,0,0.0276
7.764,0,0,0,0,0,0,0,0,0,29.8956,29.8956,75.869,75.869,0,0.0258
7.766,0,0,0,0,0,0,0,0,0,29.971,29.971,75.7505,75.7505,0,0.0239
7.768,0,0,0,0,0,0,0,0,0,30.0504,30.0504,75.6256,75.6256,0,0.022
7.77,0,0,0,0,0,0,0,0,0,30.1335,30.1335,75.4948,75.4948,0,0.0199
7.772,0,0,0,0,0,0,0,0,0,30.2201,30.2201,75.3586,75.3586,0,0.0178
7.774,0,0,0,0,0,0,0,0,0,30.3099,30.3099,75.2173,75.2173,0,0.0157
7.776,0,0,0,0,0,0,0,0,0,30.4026,30.4026,75.0715,75.0715,0,0.0135
7.778,0,0,0,0,0,0,0,0,0,30.4979,30.4979,74.9216,74.9216,0,0.0112
7.78,0,0,0,0,0,0,0,0,0,30.5954,30.5954,74.7682,74.7682,0,0
7.782,0,0,0,0,0,0,0,0,0,30.6949,30.6949,74.6117,74.6117,0,0
7.784,0,0,0,0,0,0,0,0,0,30.796,30.796,74.4527,74.4527,0,0
7.786,0,0,0,0,0,0,0,0,0,30.8983,30.8983,74.2918,74.2918,0,0
7.788,0,0,0,0,0,0,0,0,0,31.0015,31.0015,74.1293,74.1293,0,0
7.79,0,0,0,0,0,0,0,0,0,31.1054,31.1054,73.9659,73.9659,0,0
7.792,0,0,0,0,0,0,0,0,0,31.2095,31.2095,73.8022,73.8022,0,0
7.794,0,0,0,0,0,0,0,0,0,31.3135,31.3135,73.6386,73.6386,0,0
7.796,0,0,0,0,0,0,0,0,0,31.4171,31.4171,73.4756,73.4756,0,0
7.798,0,0,0,0,0,0,0,0,0,31.5199,31.5199,73.3139,73.3139,0,0
7.8,0,0,0,0,0,0,0,0,0,31.6216,31.6216,73.1539,73.1539,0,0
7.802,0,0,0,0,0,0,0,0,0,31.7218,31.7218,72.9962,72.9962,0,0
7.804,0,0,0,0,0,0,0,0,0,31.8203,31.8203,72.8413,72.8413,0,0
7.806,0,0,0,0,0,0,0,0,0,31.9168,31.9168,72.6896,72.6896,0,0
7.808,0,0,0,0,0,0,0,0,0,32.0108,32.0108,72.5416,72.5416,0,0
7.81,0,0,0,0,0,0,0,0,0,32.1021,32.1021,72.3979,72.3979,0,0
7.812,0,0,0,0,0,0,0,0,0,32.1905,32.1905,72.2589,72.2589,0,0
7.814,0,0,0,0,0,0,0,0,0,32.2756,32.2756,72.1251,72.1251,0,0
7.816,0,0,0,0,0,0,0,0,0,32.3572,32.3572,71.9968,71.9968,0,0
7.818,0,0,0,0,0,0,0,0,0,32.4349,32.4349,71.8744,71.8744,0,0
7.82,0,0,0,0,0,0,0,0,0,32.5086,32.5086,71.7585,71.7585,0,0
7.822,0,0,0,0,0,0,0,0,0,32.5781,32.5781,71.6492,71.6492,0,0
7.824,0,0,0,0,0,0,0,0,0,32.6431,32.6431,71.547,71.547,0,0
7.826,0,0,0,0,0,0,0,0,0,32.7033,32.7033,71.4522,71.4522,0,0
7.828,0,0,0,0,0,0,0,0,0,32.7587,32.7587,71.3651,71.3651,0,0
7.83,0,0,0,0,0,0,0,0,0,32.809,32.809,71.286,71.286,0,0
7.832,0,0,0,0,0,0,0,0,0,32.8541,32.8541,71.215,71.215,0,0
7.834,0,0,0,0,0,0,0,0,0,32.8939,32.8939,71.1524,71.1524,0,0
7.836,0,0,0,0,0,0,0,0,0,32.9282,32.9282,71.0985,71.0985,0,0
7.838,0,0,0,0,0,0,0,0,0,32.9569,32.9569,71.0533,71.0533,0,0
7.84,0,0,0,0,0,0,0,0,0,32.98,32.98,71.017,71.017,0,0
7.842,0,0,0,0,0,0,0,0,0,32.9973,32.9973,70.9897,70.9897,0,0
7.844,0,0,0,0,0,0,0,0,0,33.0089,33.0089,70.9715,70.9715,0,0
7.846,0,0,0,0,0,0,0,0,0,33.0147,33.0147,70.9624,70.9624,0,0
7.848,0,0,0,0,0,0,0,0,0,33.0147,33.0147,70.9624,70.9624,0,0
7.85,0.2557,0,0,0,0,0,0,0,0,33.0089,33.0089,70.9715,70.9715,0,0
7.852,0.2557,0,0,0,0,0,0,0,0,32.9974,32.9974,70.9896,70.9896,0,0
7.854,0.2557,0,0,0,0,0,0,0,0,32.9801,32.9801,71.0167,71.0167,0,0
7.856,0.2557,0,0,0,0,0,0,0,0,32.9573,32.9573,71.0527,71.0527,0,0
7.858,0.2557,0,0,0,0,0,0,0,0,32.9288,32.9288,71.0975,71.0975,0,0
7.86,0.5605,0,0,0,0,0,0,0,0,32.895,32.895,71.1508,71.1508,0,0
7.862,0.5605,0,0,0,0,0,0,0,0,32.8558,32.8558,71.2124,71.2124,0,0
7.864,0.5605,0,0,0,0,0,0,0,0,32.8114,32.8114,71.2822,71.2822,0,0
7.866,0.5605,0,0,0,0,0,0,0,0,32.762,32.762,71.36,71.36,0,0
7.868,0.5605,0,0,0,0,0,0,0,0,32.7077,32.7077,71.4453,71.4453,0,0
7.87,0.8058,0,0,0,0,0,0,0,0,32.6488,32.6488,71.538,71.538,0,0
7.872,0.8058,0,0,0,0,0,0,0,0,32.5854,32.5854,71.6378,71.6378,0,0
7.874,0.8058,0,0,0,0,0,0,0,0,32.5177,32.5177,71.7442,71.7442,0,0
7.876,0.8058,0,0,0,0,0,0,0,0,32.4461,32.4461,71.8569,71.8569,0,0
7.878,0.8058,0,0,0,0,0,0,0,0,32.3707,32.3707,71.9755,71.9755,0,0
7.88,0.9886,0,0,0,0,0,0,0,0,32.2917,32.2917,72.0997,72.0997,0,0
7.882,0.9886,0,0,0,0,0,0,0,0,32.2095,32.2095,72.229,72.229,0,0
7.884,0.9886,0,0,0,0,0,0,0,0,32.1244,32.1244,72.363,72.363,0,0
7.886,0.9886,0,0,0,0,0,0,0,0,32.0365,32.0365,72.5012,72.5012,0,0
7.888,0.9886,0,0,0,0,0,0,0,0,31.9463,31.9463,72.6431,72.6431,0,0
7.89,1.0906,0,0,0,0,0,0,0,0,31.854,31.854,72.7884,72.7884,0,0
7.892,1.0906,0,0,0,0,0,0,0,0,31.7599,31.7599,72.9364,72.9364,0,0
7.894,1.0906,0,0,0,0,0,0,0,0,31.6643,31.6643,73.0868,73.0868,0,0
7.896,1.0906,0,0,0,0,0,0,0,0,31.5675,31.5675,73.239,73.239,0,0
7.898,1.0906,0,0,0,0,0,0,0,0,31.47,31.47,73.3924,73.3924,0,0
7.9,1.1042,0,0,0,0,0,0,0,0,31.3719,31.3719,73.5467,73.5467,0,0
7.902,1.1042,0,0,0,0,0,0,0,0,31.2736,31.2736,73.7013,73.7013,0,0
7.904,1.1042,0,0,0,0,0,0,0,0,31.1755,31.1755,73.8557,73.8557,0,0
7.906,1.1042,0,0,0,0,0,0,0,0,31.0778,31.0778,74.0094,74.0094,0,0
7.908,1.1042,0,0,0,0,0,0,0,0,30.9808,30.9808,74.1619,74.1619,0,0.0114
7.91,1.0154,0,0,0,0,0,0,0,0,30.885,30.885,74.3126,74.3126,0,0.0134
7.912,1.0154,0,0,0,0,0,0,0,0,30.7906,30.7906,74.4612,74.4612,0,0.0154
7.914,1.0154,0,0,0,0,0,0,0,0,30.6979,30.6979,74.607,74.607,0,0.0174
7.916,1.0154,0,0,0,0,0,0,0,0,30.6071,30.6071,74.7497,74.7497,0,0.0192
7.918,1.0154,0,0,0,0,0,0,0,0,30.5187,30.5187,74.8888,74.8888,0,0.0211
7.92,0.86,0,0,0,0,0,0,0,0,30.4329,30.4329,75.0239,75.0239,0,0.0228
7.922,0.86,0,0,0,0,0,0,0,0,30.3499,30.3499,75.1544,75.1544,0,0.0245
7.924,0.86,0,0,0,0,0,0,0,0,30.2701,30.2701,75.28,75.28,0,0.0261
7.926,0.86,0,0,0,0,0,0,0,0,30.1936,30.1936,75.4003,75.4003,0,0.0276
7.928,0.86,0,0,0,0,0,0,0,0,30.1207,30.1207,75.515,75.515,0,0.029
7.93,0.6321,0,0,0,0,0,0,0,0,30.0517,30.0517,75.6235,75.6235,0,0.0303
7.932,0.6321,0,0,0,0,0,0,0,0,29.9868,29.9868,75.7257,75.7257,0,0.0315
7.934,0.6321,0,0,0,0,0,0,0,0,29.9261,29.9261,75.8211,75.8211,0,0.0325
7.936,0.6321,0,0,0,0,0,0,0,0,29.8699,29.8699,75.9096,75.9096,0,0.0335
7.938,0.6321,0,0,0,0,0,0,0,0,29.8183,29.8183,75.9907,75.9907,0,0.0344
7.94,0.3585,0,0,0,0,0,0,0,0,29.7715,29.7715,76.0643,76.0643,0,0.0352
7.942,0.3585,0,0,0,0,0,0,0,0,29.7297,29.7297,76.1301,76.1301,0,0.0358
7.944,0.3585,0,0,0,0,0,0,0,0,29.6929,29.6929,76.1879,76.1879,0,0.0363
7.946,0.3585,0,0,0,0,0,0,0,0,29.6613,29.6613,76.2376,76.2376,0,0.0367
7.948,0.3585,0,0,0,0,0,0,0,0,29.635,29.635,76.279,76.279,0,0.037
7.95,0.0599,0,0,0,0,0,0,0,0,29.614,29.614,76.312,76.312,0,0.0372
7.952,0.0599,0,0,0,0,0,0,0,0,29.5985,29.5985,76.3365,76.3365,0,0.0372
7.954,0.0599,0,0,0,0,0,0,0,0,29.5883,29.5883,76.3524,76.3524,0,0.0371
7.956,0.0599,0,0,0,0,0,0,0,0,29.5837,29.5837,76.3598,76.3598,0,0.0369
7.958,0.0599,0,0,0,0,0,0,0,0,29.5845,29.5845,76.3585,76.3585,0,0.0366
7.96,0,0,0,0,0,0,0,0,0,29.5908,29.5908,76.3486,76.3486,0,0.0362
7.962,0,0,0,0,0,0,0,0,0,29.6025,29.6025,76.3302,76.3302,0,0.0356
7.964,0,0,0,0,0,0,0,0,0,29.6195,29.6195,76.3034,76.3034,0,0.0349
7.966,0,0,0,0,0,0,0,0,0,29.6419,29.6419,76.2682,76.2682,0,0.0341
7.968,0,0,0,0,0,0,0,0,0,29.6695,29.6695,76.2248,76.2248,0,0.0332
7.97,0,0,0,0,0,0,0,0,0,29.7022,29.7022,76.1733,76.1733,0,0.0322
7.972,0,0,0,0,0,0,0,0,0,29.7399,29.7399,76.114,76.114,0,0.0311
7.974,0,0,0,0,0,0,0,0,0,29.7825,29.7825,76.047,76.047,0,0.0299
7.976,0,0,0,0,0,0,0,0,0,29.8298,29.8298,75.9725,75.9725,0,0.0286
7.978,0,0,0,0,0,0,0,0,0,29.8817,29.8817,75.8909,75.8909,0,0.0272
7.98,0,0,0,0,0,0,0,0,0,29.9379,29.9379,75.8025,75.8025,0,0.0257
7.982,0,0,0,0,0,0,0,0,0,29.9984,29.9984,75.7074,75.7074,0,0.0242
7.984,0,0,0,0,0,0,0,0,0,30.0627,30.0627,75.6062,75.6062,0,0.0225
7.986,0,0,0,0,0,0,0,0,0,30.1309,30.1309,75.499,75.499,0,0.0208
7.988,0,0,0,0,0,0,0,0,0,30.2025,30.2025,75.3862,75.3862,0,0.019
7.99,0,0,0,0,0,0,0,0,0,30.2775,30.2775,75.2683,75.2683,0,0.0172
7.992,0,0,0,0,0,0,0,0,0,30.3554,30.3554,75.1457,75.1457,0,0.0153
7.994,0,0,0,0,0,0,0,0,0,30.4362,30.4362,75.0187,75.0187,0,0.0134
7.996,0,0,0,0,0,0,0,0,0,30.5194,30.5194,74.8878,74.8878,0,0.0114
7.998,0,0,0,0,0,0,0,0,0,30.6048,30.6048,74.7534,74.7534,0,0
8,0,0,0,0,0,0,0,0,0,30.6922,30.6922,74.616,74.616,0,0
8.002,0,0,0,0,0,0,0,0,0,30.7812,30.7812,74.4759,74.4759,0,0
8.004,0,0,0,0,0,0,0,0,0,30.8715,30.8715,74.3338,74.3338,0,0
8.006,0,0,0,0,0,0,0,0,0,30.9629,30.9629,74.1901,74.1901,0,0
8.008,0,0,0,0,0,0,0,0,0,31.0551,31.0551,74.0451,74.0451,0,0
8.01,0,0,0,0,0,0,0,0,0,31.1476,31.1476,73.8995,73.8995,0,0
8.012,0,0,0,0,0,0,0,0,0,31.2404,31.2404,73.7536,73.7536,0,0
8.014,0,0,0,0,0,0,0,0,0,31.3329,31.3329,73.6081,73.6081,0,0
8.016,0,0,0,0,0,0,0,0,0,31.425,31.425,73.4632,73.4632,0,0
8.018,0,0,0,0,0,0,0,0,0,31.5163,31.5163,73.3196,73.3196,0,0
8.02,0,0,0,0,0,0,0,0,0,31.6065,31.6065,73.1777,73.1777,0,0
8.022,0,0,0,0,0,0,0,0,0,31.6954,31.6954,73.0378,73.0378,0,0
8.024,0,0,0,0,0,0,0,0,0,31.7826,31.7826,72.9006,72.9006,0,0
8.026,0,0,0,0,0,0,0,0,0,31.8679,31.8679,72.7665,72.7665,0,0
8.028,0,0,0,0,0,0,0,0,0,31.951,31.951,72.6357,72.6357,0,0
8.03,0,0,0,0,0,0,0,0,0,32.0316,32.0316,72.5089,72.5089,0,0
8.032,0,0,0,0,0,0,0,0,0,32.1095,32.1095,72.3864,72.3864,0,0
8.034,0,0,0,0,0,0,0,0,0,32.1844,32.1844,72.2685,72.2685,0,0
8.036,0,0,0,0,0,0,0,0,0,32.2561,32.2561,72.1558,72.1558,0,0
8.038,0,0,0,0,0,0,0,0,0,32.3244,32.3244,72.0484,72.0484,0,0
8.04,0,0,0,0,0,0,0,0,0,32.3889,32.3889,71.9468,71.9468,0,0
8.042,0,0,0,0,0,0,0,0,0,32.4497,32.4497,71.8512,71.8512,0,0
8.044,0,0,0,0,0,0,0,0,0,32.5064,32.5064,71.7621,71.7621,0,0
8.046,0,0,0,0,0,0,0,0,0,32.5588,32.5588,71.6796,71.6796,0,0
8.048,0,0,0,0,0,0,0,0,0,32.6068,32.6068,71.604,71.604,0,0
8.05,0,0,0,0,0,0,0,0,0,32.6504,32.6504,71.5355,71.5355,0,0
8.052,0,0,0,0,0,0,0,0,0,32.6892,32.6892,71.4745,71.4745,0,0
8.054,0,0,0,0,0,0,0,0,0,32.7232,32.7232,71.4209,71.4209,0,0
8.056,0,0,0,0,0,0,0,0,0,32.7524,32.7524,71.3751,71.3751,0,0
8.058,0,0,0,0,0,0,0,0,0,32.7765,32.7765,71.3371,71.3371,0,0
8.06,0,0,0,0,0,0,0,0,0,32.7956,32.7956,71.307,71.307,0,0
8.062,0,0,0,0,0,0,0,0,0,32.8096,32.8096,71.285,71.285,0,0
8.064,0,0,0,0,0,0,0,0,0,32.8185,32.8185,71.2711,71.2711,0,0
8.066,0,0,0,0,0,0,0,0,0,32.8221,32.8221,71.2653,71.2653,0,0
8.068,0,0,0,0,0,0,0,0,0,32.8207,32.8207,71.2676,71.2676,0,0
8.07,0.251,0,0,0,0,0,0,0,0,32.8141,32.8141,71.278,71.278,0,0
8.072,0.251,0,0,0,0,0,0,0,0,32.8023,32.8023,71.2965,71.2965,0,0
8.074,0.251,0,0,0,0,0,0,0,0,32.7855,32.7855,71.3229,71.3229,0,0
8.076,0.251,0,0,0,0,0,0,0,0,32.7638,32.7638,71.3572,71.3572,0,0
8.078,0.251,0,0,0,0,0,0,0,0,32.737,32.737,71.3992,71.3992,0,0
8.08,0.5096,0,0,0,0,0,0,0,0,32.7055,32.7055,71.4488,71.4488,0,0
8.082,0.5096,0,0,0,0,0,0,0,0,32.6693,32.6693,71.5058,71.5058,0,0
8.084,0.5096,0,0,0,0,0,0,0,0,32.6284,32.6284,71.57,71.57,0,0
8.086,0.5096,0,0,0,0,0,0,0,0,32.5832,32.5832,71.6412,71.6412,0,0
8.088,0.5096,0,0,0,0,0,0,0,0,32.5337,32.5337,71.7191,71.7191,0,0
8.09,0.7302,0,0,0,0,0,0,0,0,32.48,32.48,71.8035,71.8035,0,0
8.092,0.7302,0,0,0,0,0,0,0,0,32.4225,32.4225,71.894,71.894,0,0
8.094,0.7302,0,0,0,0,0,0,0,0,32.3612,32.3612,71.9904,71.9904,0,0
8.096,0.7302,0,0,0,0,0,0,0,0,32.2964,32.2964,72.0924,72.0924,0,0
8.098,0.7302,0,0,0,0,0,0,0,0,32.2283,32.2283,72.1995,72.1995,0,0
8.1,0.8822,0,0,0,0,0,0,0,0,32.1571,32.1571,72.3114,72.3114,0,0
8.102,0.8822,0,0,0,0,0,0,0,0,32.0832,32.0832,72.4278,72.4278,0,0
8.104,0.8822,0,0,0,0,0,0,0,0,32.0066,32.0066,72.5482,72.5482,0,0
8.106,0.8822,0,0,0,0,0,0,0,0,31.9277,31.9277,72.6723,72.6723,0,0
8.108,0.8822,0,0,0,0,0,0,0,0,31.8468,31.8468,72.7996,72.7996,0,0
8.11,0.9686,0,0,0,0,0,0,0,0,31.7641,31.7641,72.9297,72.9298,0,0
8.112,0.9686,0,0,0,0,0,0,0,0,31.6799,31.6799,73.0622,73.0622,0,0
8.114,0.9686,0,0,0,0,0,0,0,0,31.5944,31.5944,73.1967,73.1967,0,0
8.116,0.9686,0,0,0,0,0,0,0,0,31.508,31.508,73.3326,73.3326,0,0
8.118,0.9686,0,0,0,0,0,0,0,0,31.4209,31.4209,73.4696,73.4696,0,0
8.12,0.9754,0,0,0,0,0,0,0,0,31.3335,31.3335,73.6071,73.6071,0,0
8.122,0.9754,0,0,0,0,0,0,0,0,31.246,31.246,73.7448,73.7448,0,0
8.124,0.9754,0,0,0,0,0,0,0,0,31.1586,31.1586,73.8822,73.8822,0,0
8.126,0.9754,0,0,0,0,0,0,0,0,31.0718,31.0718,74.0188,74.0188,0,0
8.128,0.9754,0,0,0,0,0,0,0,0,30.9857,30.9857,74.1542,74.1542,0,0.0107
8.13,0.89,0,0,0,0,0,0,0,0,30.9007,30.9007,74.288,74.288,0,0.0125
8.132,0.89,0,0,0,0,0,0,0,0,30.817,30.817,74.4197,74.4197,0,0.0142
8.134,0.89,0,0,0,0,0,0,0,0,30.7348,30.7348,74.5489,74.5489,0,0.016
8.136,0.89,0,0,0,0,0,0,0,0,30.6546,30.6546,74.6751,74.6751,0,0.0176
8.138,0.89,0,0,0,0,0,0,0,0,30.5765,30.5765,74.798,74.798,0,0.0192
8.14,0.7586,0,0,0,0,0,0,0,0,30.5007,30.5007,74.9172,74.9172,0,0.0208
8.142,0.7586,0,0,0,0,0,0,0,0,30.4276,30.4276,75.0323,75.0323,0,0.0222
8.144,0.7586,0,0,0,0,0,0,0,0,30.3573,30.3573,75.1429,75.1429,0,0.0236
8.146,0.7586,0,0,0,0,0,0,0,0,30.29,30.29,75.2486,75.2486,0,0.0249
8.148,0.7586,0,0,0,0,0,0,0,0,30.2261,30.2261,75.3492,75.3492,0,0.0261
8.15,0.5363,0,0,0,0,0,0,0,0,30.1656,30.1656,75.4443,75.4443,0,0.0273
8.152,0.5363,0,0,0,0,0,0,0,0,30.1088,30.1088,75.5337,75.5337,0,0.0283
8.154,0.5363,0,0,0,0,0,0,0,0,30.0559,30.0559,75.6169,75.6169,0,0.0293
8.156,0.5363,0,0,0,0,0,0,0,0,30.007,30.007,75.6939,75.6939,0,0.0301
8.158,0.5363,0,0,0,0,0,0,0,0,29.9623,29.9623,75.7642,75.7642,0,0.0309
8.16,0.2795,0,0,0,0,0,0,0,0,29.9218,29.9218,75.8278,75.8278,0,0.0315
8.162,0.2795,0,0,0,0,0,0,0,0,29.8858,29.8858,75.8844,75.8844,0,0.032
8.164,0.2795,0,0,0,0,0,0,0,0,29.8544,29.8544,75.9339,75.9339,0,0.0325
8.166,0.2795,0,0,0,0,0,0,0,0,29.8276,29.8276,75.9761,75.9761,0,0.0328
8.168,0.2795,0,0,0,0,0,0,0,0,29.8055,29.8055,76.0108,76.0108,0,0.033
8.17,0.0316,0,0,0,0,0,0,0,0,29.7882,29.7882,76.0381,76.0381,0,0.0331
8.172,0.0316,0,0,0,0,0,0,0,0,29.7757,29.7757,76.0577,76.0577,0,0.0332
8.174,0.0316,0,0,0,0,0,0,0,0,29.7681,29.7681,76.0697,76.0697,0,0.033
8.176,0.0316,0,0,0,0,0,0,0,0,29.7653,29.7653,76.0741,76.0741,0,0.0328
8.178,0.0316,0,0,0,0,0,0,0,0,29.7674,29.7674,76.0708,76.0708,0,0.0325
8.18,0,0,0,0,0,0,0,0,0,29.7744,29.7744,76.0598,76.0598,0,0.0321
8.182,0,0,0,0,0,0,0,0,0,29.7862,29.7862,76.0413,76.0413,0,0.0316
8.184,0,0,0,0,0,0,0,0,0,29.8027,29.8027,76.0152,76.0152,0,0.0309
8.186,0,0,0,0,0,0,0,0,0,29.824,29.824,75.9818,75.9818,0,0.0302
8.188,0,0,0,0,0,0,0,0,0,29.8499,29.8499,75.941,75.941,0,0.0294
8.19,0,0,0,0,0,0,0,0,0,29.8803,29.8803,75.8932,75.8932,0,0.0284
8.192,0,0,0,0,0,0,0,0,0,29.9152,29.9152,75.8383,75.8383,0,0.0274
8.194,0,0,0,0,0,0,0,0,0,29.9543,29.9543,75.7767,75.7767,0,0.0263
8.196,0,0,0,0,0,0,0,0,0,29.9976,29.9976,75.7086,75.7086,0,0.0251
8.198,0,0,0,0,0,0,0,0,0,30.045,30.045,75.6341,75.6341,0,0.0239
8.2,0,0,0,0,0,0,0,0,0,30.0961,30.0961,75.5536,75.5536,0,0.0225
8.202,0,0,0,0,0,0,0,0,0,30.151,30.151,75.4673,75.4673,0,0.0211
8.204,0,0,0,0,0,0,0,0,0,30.2093,30.2093,75.3756,75.3756,0,0.0196
8.206,0,0,0,0,0,0,0,0,0,30.2709,30.2709,75.2786,75.2786,0,0.0181
8.208,0,0,0,0,0,0,0,0,0,30.3356,30.3356,75.1769,75.1769,0,0.0165
8.21,0,0,0,0,0,0,0,0,0,30.4032,30.4032,75.0706,75.0706,0,0.0148
8.212,0,0,0,0,0,0,0,0,0,30.4734,30.4734,74.9602,74.9602,0,0.0132
8.214,0,0,0,0,0,0,0,0,0,30.5459,30.5459,74.846,74.846,0,0.0114
8.216,0,0,0,0,0,0,0,0,0,30.6207,30.6207,74.7285,74.7285,0,0
8.218,0,0,0,0,0,0,0,0,0,30.6973,30.6973,74.6079,74.6079,0,0
8.22,0,0,0,0,0,0,0,0,0,30.7756,30.7756,74.4848,74.4848,0,0
8.222,0,0,0,0,0,0,0,0,0,30.8552,30.8552,74.3595,74.3595,0,0
8.224,0,0,0,0,0,0,0,0,0,30.936,30.936,74.2324,74.2324,0,0
8.226,0,0,0,0,0,0,0,0,0,31.0177,31.0177,74.1039,74.1039,0,0
8.228,0,0,0,0,0,0,0,0,0,31.0999,31.0999,73.9746,73.9746,0,0
8.23,0,0,0,0,0,0,0,0,0,31.1824,31.1824,73.8448,73.8448,0,0
8.232,0,0,0,0,0,0,0,0,0,31.265,31.265,73.7148,73.7148,0,0
8.234,0,0,0,0,0,0,0,0,0,31.3474,31.3474,73.5853,73.5853,0,0
8.236,0,0,0,0,0,0,0,0,0,31.4292,31.4292,73.4565,73.4565,0,0
8.238,0,0,0,0,0,0,0,0,0,31.5103,31.5103,73.3289,73.3289,0,0
8.24,0,0,0,0,0,0,0,0,0,31.5904,31.5904,73.2029,73.2029,0,0
8.242,0,0,0,0,0,0,0,0,0,31.6692,31.6692,73.079,73.079,0,0
8.244,0,0,0,0,0,0,0,0,0,31.7465,31.7465,72.9575,72.9575,0,0
8.246,0,0,0,0,0,0,0,0,0,31.8219,31.8219,72.8388,72.8388,0,0
8.248,0,0,0,0,0,0,0,0,0,31.8953,31.8953,72.7233,72.7233,0,0
8.25,0,0,0,0,0,0,0,0,0,31.9665,31.9665,72.6113,72.6113,0,0
8.252,0,0,0,0,0,0,0,0,0,32.0352,32.0352,72.5033,72.5033,0,0
8.254,0,0,0,0,0,0,0,0,0,32.1011,32.1011,72.3996,72.3996,0,0
8.256,0,0,0,0,0,0,0,0,0,32.1641,32.1641,72.3004,72.3004,0,0
8.258,0,0,0,0,0,0,0,0,0,32.224,32.224,72.2062,72.2062,0,0
8.26,0,0,0,0,0,0,0,0,0,32.2806,32.2806,72.1172,72.1172,0,0
8.262,0,0,0,0,0,0,0,0,0,32.3337,32.3337,72.0336,72.0336,0,0
8.264,0,0,0,0,0,0,0,0,0,32.3832,32.3832,71.9559,71.9559,0,0
8.266,0,0,0,0,0,0,0,0,0,32.4288,32.4288,71.8841,71.8841,0,0
8.268,0,0,0,0,0,0,0,0,0,32.4705,32.4705,71.8185,71.8185,0,0
8.27,0,0,0,0,0,0,0,0,0,32.508,32.508,71.7594,71.7594,0,0
8.272,0,0,0,0,0,0,0,0,0,32.5414,32.5414,71.7069,71.7069,0,0
8.274,0,0,0,0,0,0,0,0,0,32.5705,32.5705,71.6611,71.6611,0,0
8.276,0,0,0,0,0,0,0,0,0,32.5952,32.5952,71.6223,71.6223,0,0
8.278,0,0,0,0,0,0,0,0,0,32.6154,32.6154,71.5905,71.5905,0,0
8.28,0,0,0,0,0,0,0,0,0,32.6312,32.6312,71.5657,71.5657,0,0
8.282,0,0,0,0,0,0,0,0,0,32.6423,32.6423,71.5482,71.5482,0,0
8.284,0,0,0,0,0,0,0,0,0,32.6489,32.6489,71.5378,71.5378,0,0
8.286,0,0,0,0,0,0,0,0,0,32.6509,32.6509,71.5347,71.5347,0,0
8.288,0,0,0,0,0,0,0,0,0,32.6483,32.6483,71.5388,71.5388,0,0
8.29,0.2337,0,0,0,0,0,0,0,0,32.6411,32.6411,71.5502,71.5502,0,0
8.292,0.2337,0,0,0,0,0,0,0,0,32.6293,32.6293,71.5686,71.5686,0,0
8.294,0.2337,0,0,0,0,0,0,0,0,32.6131,32.6131,71.5942,71.5942,0,0
8.296,0.2337,0,0,0,0,0,0,0,0,32.5924,32.5924,71.6267,71.6267,0,0
8.298,0.2337,0,0,0,0,0,0,0,0,32.5674,32.5674,71.6661,71.6661,0,0
8.3,0.4754,0,0,0,0,0,0,0,0,32.538,32.538,71.7122,71.7122,0,0
8.302,0.4754,0,0,0,0,0,0,0,0,32.5046,32.5046,71.7649,71.7649,0,0
8.304,0.4754,0,0,0,0,0,0,0,0,32.4671,32.4671,71.8239,71.8239,0,0
8.306,0.4754,0,0,0,0,0,0,0,0,32.4256,32.4256,71.8891,71.8891,0,0
8.308,0.4754,0,0,0,0,0,0,0,0,32.3804,32.3804,71.9602,71.9602,0,0
8.31,0.6507,0,0,0,0,0,0,0,0,32.3316,32.3316,72.0369,72.0369,0,0
8.312,0.6507,0,0,0,0,0,0,0,0,32.2794,32.2794,72.1191,72.1191,0,0
8.314,0.6507,0,0,0,0,0,0,0,0,32.2239,32.2239,72.2065,72.2065,0,0
8.316,0.6507,0,0,0,0,0,0,0,0,32.1653,32.1653,72.2987,72.2987,0,0
8.318,0.6507,0,0,0,0,0,0,0,0,32.1038,32.1038,72.3954,72.3954,0,0
8.32,0.7816,0,0,0,0,0,0,0,0,32.0396,32.0396,72.4963,72.4963,0,0
8.322,0.7816,0,0,0,0,0,0,0,0,31.973,31.973,72.6011,72.6011,0,0
8.324,0.7816,0,0,0,0,0,0,0,0,31.9042,31.9042,72.7093,72.7093,0,0
8.326,0.7816,0,0,0,0,0,0,0,0,31.8334,31.8334,72.8208,72.8208,0,0
8.328,0.7816,0,0,0,0,0,0,0,0,31.7608,31.7608,72.935,72.935,0,0
8.33,0.855,0,0,0,0,0,0,0,0,31.6866,31.6866,73.0516,73.0516,0,0
8.332,0.855,0,0,0,0,0,0,0,0,31.6113,31.6113,73.1702,73.1702,0,0
8.334,0.855,0,0,0,0,0,0,0,0,31.5348,31.5348,73.2904,73.2904,0,0
8.336,0.855,0,0,0,0,0,0,0,0,31.4576,31.4576,73.4118,73.4118,0,0
8.338,0.855,0,0,0,0,0,0,0,0,31.3799,31.3799,73.5341,73.5341,0,0
8.34,0.8603,0,0,0,0,0,0,0,0,31.302,31.302,73.6567,73.6567,0,0
8.342,0.8603,0,0,0,0,0,0,0,0,31.224,31.224,73.7794,73.7794,0,0
8.344,0.8603,0,0,0,0,0,0,0,0,31.1463,31.1463,73.9017,73.9017,0,0
8.346,0.8603,0,0,0,0,0,0,0,0,31.069,31.069,74.0231,74.0231,0,0
8.348,0.8603,0,0,0,0,0,0,0,0,30.9926,30.9926,74.1434,74.1434,0,0.01
8.35,0.7981,0,0,0,0,0,0,0,0,30.9171,30.9171,74.2621,74.2621,0,0.0116
8.352,0.7981,0,0,0,0,0,0,0,0,30.8429,30.8429,74.3789,74.3789,0,0.0131
8.354,0.7981,0,0,0,0,0,0,0,0,30.7702,30.7702,74.4933,74.4933,0,0.0147
8.356,0.7981,0,0,0,0,0,0,0,0,30.6992,30.6992,74.605,74.605,0,0.0161
8.358,0.7981,0,0,0,0,0,0,0,0,30.6301,30.6301,74.7136,74.7136,0,0.0175
8.36,0.6485,0,0,0,0,0,0,0,0,30.5632,30.5632,74.8188,74.8188,0,0.0189
8.362,0.6485,0,0,0,0,0,0,0,0,30.4988,30.4988,74.9202,74.9202,0,0.0202
8.364,0.6485,0,0,0,0,0,0,0,0,30.4369,30.4369,75.0176,75.0176,0,0.0214
8.366,0.6485,0,0,0,0,0,0,0,0,30.3778,30.3778,75.1106,75.1106,0,0.0225
8.368,0.6485,0,0,0,0,0,0,0,0,30.3217,30.3217,75.1988,75.1988,0,0.0236
8.37,0.4688,0,0,0,0,0,0,0,0,30.2687,30.2687,75.2822,75.2822,0,0.0246
8.372,0.4688,0,0,0,0,0,0,0,0,30.2191,30.2191,75.3602,75.3602,0,0.0255
8.374,0.4688,0,0,0,0,0,0,0,0,30.1729,30.1729,75.4329,75.4329,0,0.0263
8.376,0.4688,0,0,0,0,0,0,0,0,30.1304,30.1304,75.4998,75.4998,0,0.027
8.378,0.4688,0,0,0,0,0,0,0,0,30.0916,30.0916,75.5608,75.5608,0,0.0277
8.38,0.256,0,0,0,0,0,0,0,0,30.0567,30.0567,75.6157,75.6157,0,0.0282
8.382,0.256,0,0,0,0,0,0,0,0,30.0258,30.0258,75.6643,75.6643,0,0.0287
8.384,0.256,0,0,0,0,0,0,0,0,29.9989,29.9989,75.7066,75.7066,0,0.029
8.386,0.256,0,0,0,0,0,0,0,0,29.9762,29.9762,75.7423,75.7423,0,0.0293
8.388,0.256,0,0,0,0,0,0,0,0,29.9577,29.9577,75.7714,75.7714,0,0.0295
8.39,0,0,0,0,0,0,0,0,0,29.9435,29.9435,75.7937,75.7937,0,0.0296
8.392,0,0,0,0,0,0,0,0,0,29.9336,29.9336,75.8093,75.8093,0,0.0295
8.394,0,0,0,0,0,0,0,0,0,29.9281,29.9281,75.818,75.818,0,0.0294
8.396,0,0,0,0,0,0,0,0,0,29.9269,29.9269,75.8199,75.8199,0,0.0292
8.398,0,0,0,0,0,0,0,0,0,29.93,29.93,75.815,75.815,0,0.0289
8.4,0,0,0,0,0,0,0,0,0,29.9374,29.9374,75.8033,75.8033,0,0.0285
8.402,0,0,0,0,0,0,0,0,0,29.9491,29.9491,75.7849,75.7849,0,0.028
8.404,0,0,0,0,0,0,0,0,0,29.9651,29.9651,75.7597,75.7597,0,0.0274
8.406,0,0,0,0,0,0,0,0,0,29.9852,29.9852,75.7281,75.7281,0,0.0267
8.408,0,0,0,0,0,0,0,0,0,30.0095,30.0095,75.6899,75.6899,0,0.0259
8.41,0,0,0,0,0,0,0,0,0,30.0377,30.0377,75.6455,75.6455,0,0.0251
8.412,0,0,0,0,0,0,0,0,0,30.0699,30.0699,75.5949,75.5949,0,0.0242
8.414,0,0,0,0,0,0,0,0,0,30.1059,30.1059,75.5383,75.5383,0,0.0232
8.416,0,0,0,0,0,0,0,0,0,30.1455,30.1455,75.4759,75.4759,0,0.0221
8.418,0,0,0,0,0,0,0,0,0,30.1887,30.1887,75.408,75.408,0,0.0209
8.42,0,0,0,0,0,0,0,0,0,30.2353,30.2353,75.3347,75.3347,0,0.0197
8.422,0,0,0,0,0,0,0,0,0,30.2851,30.2851,75.2564,75.2564,0,0.0184
8.424,0,0,0,0,0,0,0,0,0,30.3379,30.3379,75.1733,75.1733,0,0.0171
8.426,0,0,0,0,0,0,0,0,0,30.3936,30.3936,75.0856,75.0856,0,0.0157
8.428,0,0,0,0,0,0,0,0,0,30.4521,30.4521,74.9937,74.9937,0,0.0143
8.43,0,0,0,0,0,0,0,0,0,30.513,30.513,74.8979,74.8979,0,0.0128
8.432,0,0,0,0,0,0,0,0,0,30.5761,30.5761,74.7985,74.7985,0,0.0113
8.434,0,0,0,0,0,0,0,0,0,30.6414,30.6414,74.6959,74.6959,0,0
8.436,0,0,0,0,0,0,0,0,0,30.7085,30.7085,74.5903,74.5903,0,0
8.438,0,0,0,0,0,0,0,0,0,30.7773,30.7773,74.4821,74.4821,0,0
8.44,0,0,0,0,0,0,0,0,0,30.8474,30.8474,74.3718,74.3718,0,0
8.442,0,0,0,0,0,0,0,0,0,30.9187,30.9187,74.2596,74.2596,0,0
8.444,0,0,0,0,0,0,0,0,0,30.991,30.991,74.146,74.146,0,0
8.446,0,0,0,0,0,0,0,0,0,31.0639,31.0639,74.0312,74.0312,0,0
8.448,0,0,0,0,0,0,0,0,0,31.1373,31.1373,73.9158,73.9158,0,0
8.45,0,0,0,0,0,0,0,0,0,31.2109,31.2109,73.8,73.8,0,0
8.452,0,0,0,0,0,0,0,0,0,31.2845,31.2845,73.6842,73.6842,0,0
8.454,0,0,0,0,0,0,0,0,0,31.3578,31.3578,73.5689,73.5689,0,0
8.456,0,0,0,0,0,0,0,0,0,31.4306,31.4306,73.4544,73.4544,0,0
8.458,0,0,0,0,0,0,0,0,0,31.5026,31.5026,73.341,73.341,0,0
8.46,0,0,0,0,0,0,0,0,0,31.5737,31.5737,73.2292,73.2292,0,0
8.462,0,0,0,0,0,0,0,0,0,31.6436,31.6436,73.1193,73.1193,0,0
8.464,0,0,0,0,0,0,0,0,0,31.712,31.712,73.0117,73.0117,0,0
8.466,0,0,0,0,0,0,0,0,0,31.7788,31.7788,72.9066,72.9066,0,0
8.468,0,0,0,0,0,0,0,0,0,31.8437,31.8437,72.8046,72.8046,0,0
8.47,0,0,0,0,0,0,0,0,0,31.9059,31.9058,72.7063,72.7064,0,0
8.472,0,0,0,0,0,0,0,0,0,31.9659,31.9658,72.6117,72.6117,0,0
8.474,0,0,0,0,0,0,0,0,0,32.0234,32.0234,72.5208,72.5208,0,0
8.476,0,0,0,0,0,0,0,0,0,32.0784,32.0784,72.434,72.4341,0,0
8.478,0,0,0,0,0,0,0,0,0,32.1306,32.1306,72.3517,72.3517,0,0
8.48,0,0,0,0,0,0,0,0,0,32.1799,32.1798,72.274,72.2741,0,0
8.482,0,0,0,0,0,0,0,0,0,32.226,32.226,72.2013,72.2013,0,0
8.484,0,0,0,0,0,0,0,0,0,32.2689,32.2688,72.1337,72.1337,0,0
8.486,0,0,0,0,0,0,0,0,0,32.3084,32.3083,72.0714,72.0715,0,0
8.488,0,0,0,0,0,0,0,0,0,32.3444,32.3443,72.0147,72.0148,0,0
8.49,0,0,0,0,0,0,0,0,0,32.3768,32.3767,71.9638,71.9639,0,0
8.492,0,0,0,0,0,0,0,0,0,32.4054,32.4053,71.9187,71.9188,0,0
8.494,0,0,0,0,0,0,0,0,0,32.4302,32.4301,71.8797,71.8798,0,0
8.496,0,0,0,0,0,0,0,0,0,32.4511,32.451,71.8469,71.847,0,0
8.498,0,0,0,0,0,0,0,0,0,32.468,32.4679,71.8203,71.8204,0,0
8.5,0,0,0,0,0,0,0,0,0,32.4809,32.4808,71.8,71.8001,0,0
8.502,0,0,0,0,0,0,0,0,0,32.4897,32.4896,71.7861,71.7862,0,0
8.504,0,0,0,0,0,0,0,0,0,32.4945,32.4944,71.7787,71.7788,0,0
8.506,0,0,0,0,0,0,0,0,0,32.4952,32.4951,71.7777,71.7777,0,0
8.508,0,0,0,0,0,0,0,0,0,32.4918,32.4917,71.7831,71.7832,0,0
8.51,0.2214,0,0,0,0,0,0,0,0,32.4843,32.4842,71.7949,71.795,0,0
8.512,0.2214,0,0,0,0,0,0,0,0,32.4728,32.4727,71.8131,71.8131,0,0
8.514,0.2214,0,0,0,0,0,0,0,0,32.4573,32.4573,71.8375,71.8376,0,0
8.516,0.2214,0,0,0,0,0,0,0,0,32.4379,32.4378,71.8681,71.8682,0,0
8.518,0.2214,0,0,0,0,0,0,0,0,32.4147,32.4146,71.9048,71.9049,0,0
8.52,0.4293,0,0,0,0,0,0,0,0,32.3876,32.3875,71.9475,71.9475,0,0
8.522,0.4293,0,0,0,0,0,0,0,0,32.3569,32.3568,71.9959,71.996,0,0
8.524,0.4293,0,0,0,0,0,0,0,0,32.3226,32.3225,72.05,72.05,0,0
8.526,0.4293,0,0,0,0,0,0,0,0,32.2848,32.2847,72.1095,72.1095,0,0
8.528,0.4293,0,0,0,0,0,0,0,0,32.2437,32.2437,72.1742,72.1742,0,0
8.53,0.5903,0,0,0,0,0,0,0,0,32.1994,32.1994,72.2439,72.2439,0,0
8.532,0.5903,0,0,0,0,0,0,0,0,32.1521,32.1521,72.3184,72.3184,0,0
8.534,0.5903,0,0,0,0,0,0,0,0,32.102,32.1019,72.3974,72.3974,0,0
8.536,0.5903,0,0,0,0,0,0,0,0,32.0491,32.0491,72.4806,72.4806,0,0
8.538,0.5903,0,0,0,0,0,0,0,0,31.9937,31.9937,72.5678,72.5678,0,0
8.54,0.7117,0,0,0,0,0,0,0,0,31.936,31.936,72.6587,72.6587,0,0
8.542,0.7117,0,0,0,0,0,0,0,0,31.8762,31.8761,72.7529,72.7529,0,0
8.544,0.7117,0,0,0,0,0,0,0,0,31.8144,31.8144,72.8502,72.8502,0,0
8.546,0.7117,0,0,0,0,0,0,0,0,31.7509,31.7508,72.9501,72.9502,0,0
8.548,0.7117,0,0,0,0,0,0,0,0,31.6858,31.6858,73.0525,73.0525,0,0
8.55,0.7596,0,0,0,0,0,0,0,0,31.6195,31.6195,73.1569,73.1569,0,0
8.552,0.7596,0,0,0,0,0,0,0,0,31.5521,31.5521,73.263,73.263,0,0
8.554,0.7596,0,0,0,0,0,0,0,0,31.4838,31.4838,73.3705,73.3705,0,0
8.556,0.7596,0,0,0,0,0,0,0,0,31.4149,31.4149,73.4789,73.4789,0,0
8.558,0.7596,0,0,0,0,0,0,0,0,31.3456,31.3456,73.5879,73.5879,0,0
8.56,0.7791,0,0,0,0,0,0,0,0,31.2761,31.2761,73.6973,73.6973,0,0
8.562,0.7791,0,0,0,0,0,0,0,0,31.2067,31.2067,73.8065,73.8065,0,0
8.564,0.7791,0,0,0,0,0,0,0,0,31.1376,31.1376,73.9153,73.9153,0,0
8.566,0.7791,0,0,0,0,0,0,0,0,31.0689,31.0689,74.0233,74.0233,0,0
8.568,0.7791,0,0,0,0,0,0,0,0,31.001,31.001,74.1301,74.1301,0,0
8.57,0.6897,0,0,0,0,0,0,0,0,30.9341,30.9341,74.2355,74.2355,0,0.0107
8.572,0.6897,0,0,0,0,0,0,0,0,30.8683,30.8683,74.339,74.339,0,0.0121
8.574,0.6897,0,0,0,0,0,0,0,0,30.8039,30.8039,74.4403,74.4403,0,0.0134
8.576,0.6897,0,0,0,0,0,0,0,0,30.7411,30.7411,74.5391,74.5391,0,0.0147
8.578,0.6897,0,0,0,0,0,0,0,0,30.6801,30.6801,74.6351,74.635,0,0.016
8.58,0.579,0,0,0,0,0,0,0,0,30.6211,30.6211,74.7279,74.7279,0,0.0172
8.582,0.579,0,0,0,0,0,0,0,0,30.5643,30.5643,74.8173,74.8173,0,0.0183
8.584,0.579,0,0,0,0,0,0,0,0,30.5098,30.5098,74.903,74.903,0,0.0194
8.586,0.579,0,0,0,0,0,0,0,0,30.4579,30.4579,74.9847,74.9847,0,0.0204
8.588,0.579,0,0,0,0,0,0,0,0,30.4086,30.4086,75.0622,75.0622,0,0.0213
8.59,0.3997,0,0,0,0,0,0,0,0,30.3623,30.3623,75.1351,75.1351,0,0.0222
8.592,0.3997,0,0,0,0,0,0,0,0,30.3189,30.3189,75.2034,75.2034,0,0.0229
8.594,0.3997,0,0,0,0,0,0,0,0,30.2786,30.2786,75.2667,75.2667,0,0.0237
8.596,0.3997,0,0,0,0,0,0,0,0,30.2417,30.2417,75.3248,75.3248,0,0.0243
8.598,0.3997,0,0,0,0,0,0,0,0,30.2081,30.2081,75.3777,75.3777,0,0.0248
8.6,0.2171,0,0,0,0,0,0,0,0,30.1779,30.178,75.4251,75.4251,0,0.0253
8.602,0.2171,0,0,0,0,0,0,0,0,30.1514,30.1514,75.4668,75.4668,0,0.0257
8.604,0.2171,0,0,0,0,0,0,0,0,30.1285,30.1285,75.5028,75.5028,0,0.026
8.606,0.2171,0,0,0,0,0,0,0,0,30.1093,30.1093,75.533,75.533,0,0.0262
8.608,0.2171,0,0,0,0,0,0,0,0,30.0939,30.094,75.5572,75.5572,0,0.0263
8.61,0,0,0,0,0,0,0,0,0,30.0824,30.0824,75.5754,75.5754,0,0.0264
8.612,0,0,0,0,0,0,0,0,0,30.0747,30.0747,75.5875,75.5875,0,0.0263
8.614,0,0,0,0,0,0,0,0,0,30.0708,30.0708,75.5936,75.5936,0,0.0262
8.616,0,0,0,0,0,0,0,0,0,30.0708,30.0708,75.5936,75.5936,0,0.026
8.618,0,0,0,0,0,0,0,0,0,30.0747,30.0747,75.5874,75.5874,0,0.0257
8.62,0,0,0,0,0,0,0,0,0,30.0824,30.0824,75.5753,75.5753,0,0.0253
8.622,0,0,0,0,0,0,0,0,0,30.094,30.094,75.5571,75.5571,0,0.0248
8.624,0,0,0,0,0,0,0,0,0,30.1093,30.1093,75.5331,75.5331,0,0.0243
8.626,0,0,0,0,0,0,0,0,0,30.1283,30.1283,75.5032,75.5032,0,0.0236
8.628,0,0,0,0,0,0,0,0,0,30.1509,30.1509,75.4675,75.4675,0,0.0229
8.63,0,0,0,0,0,0,0,0,0,30.1771,30.1771,75.4263,75.4263,0,0.0221
8.632,0,0,0,0,0,0,0,0,0,30.2068,30.2068,75.3797,75.3797,0,0.0213
8.634,0,0,0,0,0,0,0,0,0,30.2398,30.2398,75.3277,75.3277,0,0.0204
8.636,0,0,0,0,0,0,0,0,0,30.276,30.276,75.2707,75.2707,0,0.0194
8.638,0,0,0,0,0,0,0,0,0,30.3154,30.3154,75.2087,75.2087,0,0.0184
8.64,0,0,0,0,0,0,0,0,0,30.3578,30.3578,75.1421,75.1421,0,0.0173
8.642,0,0,0,0,0,0,0,0,0,30.4029,30.4029,75.071,75.071,0,0.0161
8.644,0,0,0,0,0,0,0,0,0,30.4508,30.4508,74.9957,74.9957,0,0.0149
8.646,0,0,0,0,0,0,0,0,0,30.5012,30.5012,74.9164,74.9164,0,0.0137
8.648,0,0,0,0,0,0,0,0,0,30.5539,30.5539,74.8335,74.8335,0,0.0124
8.65,0,0,0,0,0,0,0,0,0,30.6088,30.6088,74.7471,74.7471,0,0.011
8.652,0,0,0,0,0,0,0,0,0,30.6657,30.6657,74.6576,74.6576,0,0
8.654,0,0,0,0,0,0,0,0,0,30.7244,30.7244,74.5653,74.5653,0,0
8.656,0,0,0,0,0,0,0,0,0,30.7847,30.7847,74.4705,74.4705,0,0
8.658,0,0,0,0,0,0,0,0,0,30.8463,30.8463,74.3735,74.3735,0,0
8.66,0,0,0,0,0,0,0,0,0,30.9092,30.9092,74.2746,74.2746,0,0
8.662,0,0,0,0,0,0,0,0,0,30.9731,30.9731,74.1741,74.1741,0,0
8.664,0,0,0,0,0,0,0,0,0,31.0377,31.0377,74.0725,74.0725,0,0
8.666,0,0,0,0,0,0,0,0,0,31.1029,31.1029,73.9699,73.9699,0,0
8.668,0,0,0,0,0,0,0,0,0,31.1684,31.1684,73.8669,73.8669,0,0
8.67,0,0,0,0,0,0,0,0,0,31.234,31.234,73.7636,73.7636,0,0
8.672,0,0,0,0,0,0,0,0,0,31.2996,31.2996,73.6605,73.6605,0,0
8.674,0,0,0,0,0,0,0,0,0,31.3648,31.3648,73.5578,73.5578,0,0
8.676,0,0,0,0,0,0,0,0,0,31.4296,31.4296,73.4559,73.4559,0,0
8.678,0,0,0,0,0,0,0,0,0,31.4936,31.4936,73.3552,73.3552,0,0
8.68,0,0,0,0,0,0,0,0,0,31.5567,31.5567,73.256,73.256,0,0
8.682,0,0,0,0,0,0,0,0,0,31.6187,31.6186,73.1585,73.1585,0,0
8.684,0,0,0,0,0,0,0,0,0,31.6793,31.6793,73.0632,73.0632,0,0
8.686,0,0,0,0,0,0,0,0,0,31.7383,31.7383,72.9702,72.9702,0,0
8.688,0,0,0,0,0,0,0,0,0,31.7957,31.7957,72.88,72.88,0,0
8.69,0,0,0,0,0,0,0,0,0,31.8511,31.8511,72.7928,72.7928,0,0
8.692,0,0,0,0,0,0,0,0,0,31.9045,31.9045,72.7088,72.7088,0,0
8.694,0,0,0,0,0,0,0,0,0,31.9556,31.9556,72.6284,72.6284,0,0
8.696,0,0,0,0,0,0,0,0,0,32.0043,32.0043,72.5518,72.5518,0,0
8.698,0,0,0,0,0,0,0,0,0,32.0504,32.0504,72.4793,72.4793,0,0
8.7,0,0,0,0,0,0,0,0,0,32.0938,32.0938,72.411,72.411,0,0
8.702,0,0,0,0,0,0,0,0,0,32.1344,32.1344,72.3472,72.3472,0,0
8.704,0,0,0,0,0,0,0,0,0,32.172,32.172,72.2881,72.2881,0,0
8.706,0,0,0,0,0,0,0,0,0,32.2064,32.2064,72.2339,72.2339,0,0
8.708,0,0,0,0,0,0,0,0,0,32.2377,32.2377,72.1847,72.1847,0,0
8.71,0,0,0,0,0,0,0,0,0,32.2657,32.2657,72.1407,72.1407,0,0
8.712,0,0,0,0,0,0,0,0,0,32.2903,32.2903,72.102,72.102,0,0
8.714,0,0,0,0,0,0,0,0,0,32.3114,32.3114,72.0688,72.0688,0,0
8.716,0,0,0,0,0,0,0,0,0,32.329,32.329,72.0411,72.0411,0,0
8.718,0,0,0,0,0,0,0,0,0,32.343,32.343,72.019,72.019,0,0
8.72,0,0,0,0,0,0,0,0,0,32.3534,32.3534,72.0026,72.0026,0,0
8.722,0,0,0,0,0,0,0,0,0,32.3602,32.3602,71.992,71.992,0,0
8.724,0,0,0,0,0,0,0,0,0,32.3633,32.3633,71.9871,71.9871,0,0
8.726,0,0,0,0,0,0,0,0,0,32.3628,32.3628,71.9879,71.9879,0,0
8.728,0,0,0,0,0,0,0,0,0,32.3586,32.3586,71.9945,71.9945,0,0
8.73,0.2203,0,0,0,0,0,0,0,0,32.3508,32.3508,72.0067,72.0067,0,0
8.732,0.2203,0,0,0,0,0,0,0,0,32.3394,32.3394,72.0247,72.0247,0,0
8.734,0.2203,0,0,0,0,0,0,0,0,32.3245,32.3245,72.0482,72.0482,0,0
8.736,0.2203,0,0,0,0,0,0,0,0,32.306,32.306,72.0772,72.0772,0,0
8.738,0.2203,0,0,0,0,0,0,0,0,32.2842,32.2842,72.1116,72.1116,0,0
8.74,0.3886,0,0,0,0,0,0,0,0,32.259,32.259,72.1512,72.1512,0,0
8.742,0.3886,0,0,0,0,0,0,0,0,32.2305,32.2305,72.196,72.196,0,0
8.744,0.3886,0,0,0,0,0,0,0,0,32.1989,32.1989,72.2458,72.2458,0,0
8.746,0.3886,0,0,0,0,0,0,0,0,32.1642,32.1642,72.3003,72.3003,0,0
8.748,0.3886,0,0,0,0,0,0,0,0,32.1266,32.1266,72.3595,72.3595,0,0
8.75,0.5334,0,0,0,0,0,0,0,0,32.0862,32.0862,72.423,72.423,0,0
8.752,0.5334,0,0,0,0,0,0,0,0,32.0432,32.0432,72.4907,72.4907,0,0
8.754,0.5334,0,0,0,0,0,0,0,0,31.9976,31.9976,72.5624,72.5624,0,0
8.756,0.5334,0,0,0,0,0,0,0,0,31.9497,31.9497,72.6378,72.6378,0,0
8.758,0.5334,0,0,0,0,0,0,0,0,31.8996,31.8996,72.7166,72.7166,0,0
8.76,0.6257,0,0,0,0,0,0,0,0,31.8474,31.8474,72.7987,72.7987,0,0
8.762,0.6257,0,0,0,0,0,0,0,0,31.7934,31.7934,72.8836,72.8836,0,0
8.764,0.6257,0,0,0,0,0,0,0,0,31.7378,31.7378,72.9711,72.9711,0,0
8.766,0.6257,0,0,0,0,0,0,0,0,31.6806,31.6806,73.061,73.061,0,0
8.768,0.6257,0,0,0,0,0,0,0,0,31.6222,31.6222,73.153,73.153,0,0
8.77,0.6913,0,0,0,0,0,0,0,0,31.5626,31.5626,73.2466,73.2466,0,0
8.772,0.6913,0,0,0,0,0,0,0,0,31.5022,31.5022,73.3417,73.3417,0,0
8.774,0.6913,0,0,0,0,0,0,0,0,31.4411,31.4411,73.4379,73.4379,0,0
8.776,0.6913,0,0,0,0,0,0,0,0,31.3794,31.3794,73.5348,73.5348,0,0
8.778,0.6913,0,0,0,0,0,0,0,0,31.3175,31.3175,73.6323,73.6323,0,0
8.78,0.6861,0,0,0,0,0,0,0,0,31.2555,31.2555,73.7298,73.7298,0,0
8.782,0.6861,0,0,0,0,0,0,0,0,31.1936,31.1936,73.8272,73.8272,0,0
8.784,0.6861,0,0,0,0,0,0,0,0,31.132,31.132,73.9241,73.9241,0,0
8.786,0.6861,0,0,0,0,0,0,0,0,31.0709,31.0709,74.0202,74.0202,0,0
8.788,0.6861,0,0,0,0,0,0,0,0,31.0105,31.0105,74.1152,74.1152,0,0
8.79,0.618,0,0,0,0,0,0,0,0,30.9511,30.9511,74.2087,74.2087,0,0
8.792,0.618,0,0,0,0,0,0,0,0,30.8927,30.8927,74.3005,74.3005,0,0.0112
8.794,0.618,0,0,0,0,0,0,0,0,30.8356,30.8356,74.3903,74.3903,0,0.0123
8.796,0.618,0,0,0,0,0,0,0,0,30.7801,30.7801,74.4777,74.4777,0,0.0135
8.798,0.618,0,0,0,0,0,0,0,0,30.7261,30.7261,74.5626,74.5626,0,0.0146
8.8,0.5157,0,0,0,0,0,0,0,0,30.674,30.674,74.6445,74.6445,0,0.0156
8.802,0.5157,0,0,0,0,0,0,0,0,30.6239,30.6239,74.7234,74.7234,0,0.0166
8.804,0.5157,0,0,0,0,0,0,0,0,30.576,30.576,74.7988,74.7988,0,0.0175
8.806,0.5157,0,0,0,0,0,0,0,0,30.5303,30.5303,74.8706,74.8706,0,0.0184
8.808,0.5157,0,0,0,0,0,0,0,0,30.4871,30.4871,74.9386,74.9386,0,0.0192
8.81,0.3544,0,0,0,0,0,0,0,0,30.4465,30.4465,75.0025,75.0025,0,0.02
8.812,0.3544,0,0,0,0,0,0,0,0,30.4086,30.4086,75.0621,75.0621,0,0.0207
8.814,0.3544,0,0,0,0,0,0,0,0,30.3735,30.3735,75.1173,75.1173,0,0.0213
8.816,0.3544,0,0,0,0,0,0,0,0,30.3414,30.3414,75.1678,75.1678,0,0.0218
8.818,0.3544,0,0,0,0,0,0,0,0,30.3123,30.3123,75.2135,75.2135,0,0.0223
8.82,0.1668,0,0,0,0,0,0,0,0,30.2864,30.2864,75.2544,75.2544,0,0.0227
8.822,0.1668,0,0,0,0,0,0,0,0,30.2636,30.2636,75.2901,75.2901,0,0.023
8.824,0.1668,0,0,0,0,0,0,0,0,30.2442,30.2442,75.3207,75.3207,0,0.0232
8.826,0.1668,0,0,0,0,0,0,0,0,30.2281,30.2281,75.3461,75.3461,0,0.0234
8.828,0.1668,0,0,0,0,0,0,0,0,30.2153,30.2153,75.3661,75.3661,0,0.0235
8.83,0,0,0,0,0,0,0,0,0,30.206,30.206,75.3808,75.3808,0,0.0235
8.832,0,0,0,0,0,0,0,0,0,30.2001,30.2001,75.3901,75.3901,0,0.0234
8.834,0,0,0,0,0,0,0,0,0,30.1977,30.1977,75.3939,75.3939,0,0.0233
8.836,0,0,0,0,0,0,0,0,0,30.1987,30.1987,75.3923,75.3923,0,0.0231
8.838,0,0,0,0,0,0,0,0,0,30.2031,30.2031,75.3853,75.3853,0,0.0228
8.84,0,0,0,0,0,0,0,0,0,30.211,30.211,75.3729,75.3729,0,0.0224
8.842,0,0,0,0,0,0,0,0,0,30.2223,30.2223,75.3552,75.3552,0,0.022
8.844,0,0,0,0,0,0,0,0,0,30.2369,30.2369,75.3322,75.3322,0,0.0215
8.846,0,0,0,0,0,0,0,0,0,30.2548,30.2548,75.304,75.304,0,0.0209
8.848,0,0,0,0,0,0,0,0,0,30.2759,30.2759,75.2708,75.2708,0,0.0203
8.85,0,0,0,0,0,0,0,0,0,30.3002,30.3002,75.2326,75.2326,0,0.0195
8.852,0,0,0,0,0,0,0,0,0,30.3275,30.3275,75.1896,75.1896,0,0.0188
8.854,0,0,0,0,0,0,0,0,0,30.3578,30.3578,75.1419,75.1419,0,0.0179
8.856,0,0,0,0,0,0,0,0,0,30.391,30.391,75.0898,75.0898,0,0.017
8.858,0,0,0,0,0,0,0,0,0,30.4269,30.4269,75.0333,75.0333,0,0.0161
8.86,0,0,0,0,0,0,0,0,0,30.4654,30.4654,74.9727,74.9727,0,0.0151
8.862,0,0,0,0,0,0,0,0,0,30.5064,30.5064,74.9082,74.9082,0,0.0141
8.864,0,0,0,0,0,0,0,0,0,30.5498,30.5498,74.8399,74.8399,0,0.013
8.866,0,0,0,0,0,0,0,0,0,30.5954,30.5954,74.7683,74.7683,0,0.0118
8.868,0,0,0,0,0,0,0,0,0,30.643,30.643,74.6934,74.6934,0,0.0107
8.87,0,0,0,0,0,0,0,0,0,30.6925,30.6925,74.6155,74.6155,0,0
8.872,0,0,0,0,0,0,0,0,0,30.7437,30.7437,74.5349,74.5349,0,0
8.874,0,0,0,0,0,0,0,0,0,30.7965,30.7965,74.4519,74.4519,0,0
8.876,0,0,0,0,0,0,0,0,0,30.8506,30.8506,74.3667,74.3667,0,0
8.878,0,0,0,0,0,0,0,0,0,30.906,30.906,74.2796,74.2796,0,0
8.88,0,0,0,0,0,0,0,0,0,30.9623,30.9623,74.191,74.191,0,0
8.882,0,0,0,0,0,0,0,0,0,31.0195,31.0195,74.101,74.101,0,0
8.884,0,0,0,0,0,0,0,0,0,31.0773,31.0773,74.0101,74.0101,0,0
8.886,0,0,0,0,0,0,0,0,0,31.1356,31.1356,73.9185,73.9185,0,0
8.888,0,0,0,0,0,0,0,0,0,31.1941,31.1941,73.8264,73.8264,0,0
8.89,0,0,0,0,0,0,0,0,0,31.2526,31.2526,73.7343,73.7343,0,0
8.892,0,0,0,0,0,0,0,0,0,31.3111,31.3111,73.6424,73.6424,0,0
8.894,0,0,0,0,0,0,0,0,0,31.3692,31.3692,73.551,73.551,0,0
8.896,0,0,0,0,0,0,0,0,0,31.4268,31.4268,73.4604,73.4604,0,0
8.898,0,0,0,0,0,0,0,0,0,31.4837,31.4837,73.3709,73.3709,0,0
8.9,0,0,0,0,0,0,0,0,0,31.5397,31.5397,73.2828,73.2828,0,0
8.902,0,0,0,0,0,0,0,0,0,31.5946,31.5946,73.1964,73.1964,0,0
8.904,0,0,0,0,0,0,0,0,0,31.6483,31.6483,73.1119,73.1119,0,0
8.906,0,0,0,0,0,0,0,0,0,31.7006,31.7006,73.0297,73.0297,0,0
8.908,0,0,0,0,0,0,0,0,0,31.7513,31.7513,72.9499,72.9499,0,0
8.91,0,0,0,0,0,0,0,0,0,31.8002,31.8002,72.8729,72.8729,0,0
8.912,0,0,0,0,0,0,0,0,0,31.8473,31.8473,72.7989,72.7989,0,0
8.914,0,0,0,0,0,0,0,0,0,31.8922,31.8922,72.7281,72.7281,0,0
8.916,0,0,0,0,0,0,0,0,0,31.935,31.935,72.6608,72.6608,0,0
8.918,0,0,0,0,0,0,0,0,0,31.9755,31.9755,72.5972,72.5972,0,0
8.92,0,0,0,0,0,0,0,0,0,32.0135,32.0135,72.5374,72.5374,0,0
8.922,0,0,0,0,0,0,0,0,0,32.0489,32.0489,72.4817,72.4817,0,0
8.924,0,0,0,0,0,0,0,0,0,32.0816,32.0816,72.4302,72.4302,0,0
8.926,0,0,0,0,0,0,0,0,0,32.1116,32.1116,72.3831,72.3831,0,0
8.928,0,0,0,0,0,0,0,0,0,32.1386,32.1386,72.3405,72.3405,0,0
8.93,0,0,0,0,0,0,0,0,0,32.1627,32.1627,72.3026,72.3026,0,0
8.932,0,0,0,0,0,0,0,0,0,32.1838,32.1838,72.2695,72.2695,0,0
8.934,0,0,0,0,0,0,0,0,0,32.2017,32.2017,72.2413,72.2413,0,0
8.936,0,0,0,0,0,0,0,0,0,32.2165,32.2165,72.218,72.218,0,0
8.938,0,0,0,0,0,0,0,0,0,32.2281,32.2281,72.1998,72.1998,0,0
8.94,0.026,0,0,0,0,0,0,0,0,32.2364,32.2364,72.1867,72.1867,0,0
8.942,0.026,0,0,0,0,0,0,0,0,32.2416,32.2416,72.1786,72.1786,0,0
8.944,0.026,0,0,0,0,0,0,0,0,32.2434,32.2434,72.1757,72.1757,0,0
8.946,0.026,0,0,0,0,0,0,0,0,32.242,32.242,72.178,72.178,0,0
8.948,0.026,0,0,0,0,0,0,0,0,32.2373,32.2373,72.1853,72.1853,0,0
8.95,0.1978,0,0,0,0,0,0,0,0,32.2294,32.2294,72.1977,72.1977,0,0
8.952,0.1978,0,0,0,0,0,0,0,0,32.2183,32.2183,72.2151,72.2151,0,0
8.954,0.1978,0,0,0,0,0,0,0,0,32.2041,32.2041,72.2375,72.2375,0,0
8.956,0.1978,0,0,0,0,0,0,0,0,32.1868,32.1868,72.2648,72.2648,0,0
8.958,0.1978,0,0,0,0,0,0,0,0,32.1664,32.1664,72.2969,72.2969,0,0
8.96,0.3463,0,0,0,0,0,0,0,0,32.1431,32.1431,72.3336,72.3336,0,0
8.962,0.3463,0,0,0,0,0,0,0,0,32.1168,32.1168,72.3748,72.3748,0,0
8.964,0.3463,0,0,0,0,0,0,0,0,32.0878,32.0878,72.4205,72.4205,0,0
8.966,0.3463,0,0,0,0,0,0,0,0,32.0561,32.0561,72.4703,72.4703,0,0
8.968,0.3463,0,0,0,0,0,0,0,0,32.0219,32.0219,72.5242,72.5242,0,0
8.97,0.4819,0,0,0,0,0,0,0,0,31.9851,31.9851,72.582,72.582,0,0
8.972,0.4819,0,0,0,0,0,0,0,0,31.9461,31.9461,72.6435,72.6435,0,0
8.974,0.4819,0,0,0,0,0,0,0,0,31.9048,31.9048,72.7084,72.7084,0,0
8.976,0.4819,0,0,0,0,0,0,0,0,31.8614,31.8614,72.7766,72.7766,0,0
8.978,0.4819,0,0,0,0,0,0,0,0,31.8162,31.8162,72.8478,72.8478,0,0
8.98,0.5646,0,0,0,0,0,0,0,0,31.7692,31.7692,72.9217,72.9217,0,0
8.982,0.5646,0,0,0,0,0,0,0,0,31.7206,31.7206,72.9982,72.9982,0,0
8.984,0.5646,0,0,0,0,0,0,0,0,31.6705,31.6705,73.0769,73.0769,0,0
8.986,0.5646,0,0,0,0,0,0,0,0,31.6192,31.6192,73.1577,73.1577,0,0
8.988,0.5646,0,0,0,0,0,0,0,0,31.5667,31.5667,73.2402,73.2402,0,0
8.99,0.6149,0,0,0,0,0,0,0,0,31.5134,31.5134,73.3241,73.3241,0,0
8.992,0.6149,0,0,0,0,0,0,0,0,31.4593,31.4593,73.4093,73.4093,0,0
8.994,0.6149,0,0,0,0,0,0,0,0,31.4046,31.4046,73.4953,73.4953,0,0
8.996,0.6149,0,0,0,0,0,0,0,0,31.3495,31.3495,73.582,73.582,0,0
8.998,0.6149,0,0,0,0,0,0,0,0,31.2942,31.2942,73.669,73.669,0,0
9,0.6095,0,0,0,0,0,0,0,0,31.2389,31.2389,73.756,73.756,0,0
9.002,0.6095,0,0,0,0,0,0,0,0,31.1837,31.1837,73.8428,73.8428,0,0
9.004,0.6095,0,0,0,0,0,0,0,0,31.1288,31.1288,73.9291,73.9291,0,0
9.006,0.6095,0,0,0,0,0,0,0,0,31.0745,31.0745,74.0146,74.0146,0,0
9.008,0.6095,0,0,0,0,0,0,0,0,31.0208,31.0208,74.0989,74.0989,0,0
9.01,0.5564,0,0,0,0,0,0,0,0,30.9681,30.9681,74.182,74.182,0,0
9.012,0.5564,0,0,0,0,0,0,0,0,30.9163,30.9163,74.2634,74.2634,0,0.0103
9.014,0.5564,0,0,0,0,0,0,0,0,30.8658,30.8658,74.3429,74.3429,0,0.0113
9.016,0.5564,0,0,0,0,0,0,0,0,30.8166,30.8166,74.4203,74.4203,0,0.0123
9.018,0.5564,0,0,0,0,0,0,0,0,30.7689,30.7689,74.4953,74.4953,0,0.0133
9.02,0.4408,0,0,0,0,0,0,0,0,30.7229,30.7229,74.5676,74.5676,0,0.0142
9.022,0.4408,0,0,0,0,0,0,0,0,30.6787,30.6787,74.6371,74.6371,0,0.0151
9.024,0.4408,0,0,0,0,0,0,0,0,30.6365,30.6365,74.7035,74.7035,0,0.0159
9.026,0.4408,0,0,0,0,0,0,0,0,30.5964,30.5964,74.7666,74.7666,0,0.0166
9.028,0.4408,0,0,0,0,0,0,0,0,30.5585,30.5585,74.8262,74.8262,0,0.0174
9.03,0.3097,0,0,0,0,0,0,0,0,30.523,30.523,74.8821,74.8821,0,0.018
9.032,0.3097,0,0,0,0,0,0,0,0,30.4899,30.4899,74.9342,74.9342,0,0.0186
9.034,0.3097,0,0,0,0,0,0,0,0,30.4593,30.4593,74.9823,74.9823,0,0.0191
9.036,0.3097,0,0,0,0,0,0,0,0,30.4315,30.4315,75.0261,75.0261,0,0.0196
9.038,0.3097,0,0,0,0,0,0,0,0,30.4063,30.4063,75.0657,75.0657,0,0.02
9.04,0.1448,0,0,0,0,0,0,0,0,30.384,30.384,75.1008,75.1008,0,0.0203
9.042,0.1448,0,0,0,0,0,0,0,0,30.3645,30.3645,75.1314,75.1314,0,0.0206
9.044,0.1448,0,0,0,0,0,0,0,0,30.348,30.348,75.1574,75.1574,0,0.0208
9.046,0.1448,0,0,0,0,0,0,0,0,30.3345,30.3345,75.1786,75.1786,0,0.0209
9.048,0.1448,0,0,0,0,0,0,0,0,30.324,30.324,75.1951,75.1951,0,0.021
9.05,0,0,0,0,0,0,0,0,0,30.3166,30.3166,75.2068,75.2068,0,0.021
9.052,0,0,0,0,0,0,0,0,0,30.3122,30.3122,75.2137,75.2137,0,0.0209
9.054,0,0,0,0,0,0,0,0,0,30.3109,30.3109,75.2157,75.2157,0,0.0207
9.056,0,0,0,0,0,0,0,0,0,30.3127,30.3127,75.2129,75.2129,0,0.0205
9.058,0,0,0,0,0,0,0,0,0,30.3176,30.3176,75.2053,75.2053,0,0.0203
9.06,0,0,0,0,0,0,0,0,0,30.3255,30.3255,75.1928,75.1928,0,0.0199
9.062,0,0,0,0,0,0,0,0,0,30.3364,30.3364,75.1756,75.1756,0,0.0195
9.064,0,0,0,0,0,0,0,0,0,30.3503,30.3503,75.1538,75.1538,0,0.019
9.066,0,0,0,0,0,0,0,0,0,30.3671,30.3671,75.1273,75.1273,0,0.0185
9.068,0,0,0,0,0,0,0,0,0,30.3868,30.3868,75.0964,75.0964,0,0.0179
9.07,0,0,0,0,0,0,0,0,0,30.4092,30.4092,75.0611,75.0611,0,0.0172
9.072,0,0,0,0,0,0,0,0,0,30.4344,30.4344,75.0215,75.0215,0,0.0165
9.074,0,0,0,0,0,0,0,0,0,30.4622,30.4622,74.9778,74.9778,0,0.0158
9.076,0,0,0,0,0,0,0,0,0,30.4925,30.4925,74.9301,74.9301,0,0.015
9.078,0,0,0,0,0,0,0,0,0,30.5252,30.5252,74.8786,74.8786,0,0.0141
9.08,0,0,0,0,0,0,0,0,0,30.5603,30.5603,74.8235,74.8235,0,0.0132
9.082,0,0,0,0,0,0,0,0,0,30.5975,30.5975,74.765,74.765,0,0.0123
9.084,0,0,0,0,0,0,0,0,0,30.6367,30.6367,74.7032,74.7032,0,0.0113
9.086,0,0,0,0,0,0,0,0,0,30.678,30.678,74.6384,74.6384,0,0.0103
9.088,0,0,0,0,0,0,0,0,0,30.7209,30.7209,74.5707,74.5707,0,0
9.09,0,0,0,0,0,0,0,0,0,30.7656,30.7656,74.5005,74.5005,0,0
9.092,0,0,0,0,0,0,0,0,0,30.8117,30.8117,74.428,74.428,0,0
9.094,0,0,0,0,0,0,0,0,0,30.8592,30.8592,74.3533,74.3533,0,0
9.096,0,0,0,0,0,0,0,0,0,30.9078,30.9078,74.2768,74.2768,0,0
9.098,0,0,0,0,0,0,0,0,0,30.9575,30.9575,74.1986,74.1986,0,0
9.1,0,0,0,0,0,0,0,0,0,31.008,31.008,74.1192,74.1192,0,0
9.102,0,0,0,0,0,0,0,0,0,31.0592,31.0592,74.0386,74.0386,0,0
9.104,0,0,0,0,0,0,0,0,0,31.1109,31.1109,73.9573,73.9573,0,0
9.106,0,0,0,0,0,0,0,0,0,31.163,31.163,73.8754,73.8754,0,0
9.108,0,0,0,0,0,0,0,0,0,31.2152,31.2152,73.7932,73.7932,0,0
9.11,0,0,0,0,0,0,0,0,0,31.2675,31.2675,73.711,73.711,0,0
9.112,0,0,0,0,0,0,0,0,0,31.3195,31.3195,73.6291,73.6291,0,0
9.114,0,0,0,0,0,0,0,0,0,31.3713,31.3713,73.5477,73.5477,0,0
9.116,0,0,0,0,0,0,0,0,0,31.4225,31.4225,73.4671,73.4671,0,0
9.118,0,0,0,0,0,0,0,0,0,31.4731,31.4731,73.3876,73.3876,0,0
9.12,0,0,0,0,0,0,0,0,0,31.5228,31.5228,73.3094,73.3094,0,0
9.122,0,0,0,0,0,0,0,0,0,31.5715,31.5715,73.2327,73.2327,0,0
9.124,0,0,0,0,0,0,0,0,0,31.6191,31.6191,73.1579,73.1579,0,0
9.126,0,0,0,0,0,0,0,0,0,31.6653,31.6653,73.0851,73.0851,0,0
9.128,0,0,0,0,0,0,0,0,0,31.7101,31.7101,73.0146,73.0146,0,0
9.13,0,0,0,0,0,0,0,0,0,31.7533,31.7533,72.9467,72.9467,0,0
9.132,0,0,0,0,0,0,0,0,0,31.7948,31.7948,72.8814,72.8814,0,0
9.134,0,0,0,0,0,0,0,0,0,31.8344,31.8344,72.8192,72.8192,0,0
9.136,0,0,0,0,0,0,0,0,0,31.872,31.872,72.76,72.76,0,0
9.138,0,0,0,0,0,0,0,0,0,31.9075,31.9075,72.7042,72.7042,0,0
9.14,0,0,0,0,0,0,0,0,0,31.9407,31.9407,72.6519,72.6519,0,0
9.142,0,0,0,0,0,0,0,0,0,31.9716,31.9716,72.6032,72.6032,0,0
9.144,0,0,0,0,0,0,0,0,0,32.0001,32.0001,72.5584,72.5584,0,0
9.146,0,0,0,0,0,0,0,0,0,32.0261,32.0261,72.5175,72.5175,0,0
9.148,0,0,0,0,0,0,0,0,0,32.0495,32.0495,72.4807,72.4807,0,0
9.15,0,0,0,0,0,0,0,0,0,32.0702,32.0702,72.4482,72.4482,0,0
9.152,0,0,0,0,0,0,0,0,0,32.0882,32.0882,72.4199,72.4199,0,0
9.154,0,0,0,0,0,0,0,0,0,32.1034,32.1034,72.3959,72.3959,0,0
9.156,0,0,0,0,0,0,0,0,0,32.1158,32.1158,72.3765,72.3765,0,0
9.158,0,0,0,0,0,0,0,0,0,32.1253,32.1253,72.3615,72.3615,0,0
9.16,0.0246,0,0,0,0,0,0,0,0,32.1319,32.1319,72.3511,72.3511,0,0
9.162,0.0246,0,0,0,0,0,0,0,0,32.1356,32.1356,72.3453,72.3453,0,0
9.164,0.0246,0,0,0,0,0,0,0,0,32.1364,32.1364,72.344,72.344,0,0
9.166,0.0246,0,0,0,0,0,0,0,0,32.1343,32.1343,72.3473,72.3473,0,0
9.168,0.0246,0,0,0,0,0,0,0,0,32.1293,32.1293,72.3552,72.3552,0,0
9.17,0.1774,0,0,0,0,0,0,0,0,32.1215,32.1215,72.3675,72.3675,0,0
9.172,0.1774,0,0,0,0,0,0,0,0,32.1108,32.1108,72.3844,72.3844,0,0
9.174,0.1774,0,0,0,0,0,0,0,0,32.0972,32.0972,72.4057,72.4057,0,0
9.176,0.1774,0,0,0,0,0,0,0,0,32.081,32.081,72.4312,72.4312,0,0
9.178,0.1774,0,0,0,0,0,0,0,0,32.062,32.062,72.4611,72.4611,0,0
9.18,0.3313,0,0,0,0,0,0,0,0,32.0404,32.0404,72.495,72.495,0,0
9.182,0.3313,0,0,0,0,0,0,0,0,32.0163,32.0163,72.533,72.533,0,0
9.184,0.3313,0,0,0,0,0,0,0,0,31.9897,31.9897,72.5748,72.5748,0,0
9.186,0.3313,0,0,0,0,0,0,0,0,31.9608,31.9608,72.6204,72.6204,0,0
9.188,0.3313,0,0,0,0,0,0,0,0,31.9295,31.9295,72.6695,72.6695,0,0
9.19,0.442,0,0,0,0,0,0,0,0,31.8961,31.8961,72.722,72.722,0,0
9.192,0.442,0,0,0,0,0,0,0,0,31.8607,31.8607,72.7778,72.7778,0,0
9.194,0.442,0,0,0,0,0,0,0,0,31.8233,31.8233,72.8366,72.8366,0,0
9.196,0.442,0,0,0,0,0,0,0,0,31.7841,31.7841,72.8982,72.8982,0,0
9.198,0.442,0,0,0,0,0,0,0,0,31.7433,31.7433,72.9625,72.9625,0,0
9.2,0.531,0,0,0,0,0,0,0,0,31.7009,31.7009,73.0292,73.0292,0,0
9.202,0.531,0,0,0,0,0,0,0,0,31.6571,31.6571,73.098,73.098,0,0
9.204,0.531,0,0,0,0,0,0,0,0,31.6121,31.6121,73.1689,73.1689,0,0
9.206,0.531,0,0,0,0,0,0,0,0,31.566,31.566,73.2414,73.2414,0,0
9.208,0.531,0,0,0,0,0,0,0,0,31.5189,31.5189,73.3154,73.3154,0,0
9.21,0.549,0,0,0,0,0,0,0,0,31.4711,31.4711,73.3907,73.3907,0,0
9.212,0.549,0,0,0,0,0,0,0,0,31.4226,31.4226,73.4669,73.4669,0,0
9.214,0.549,0,0,0,0,0,0,0,0,31.3737,31.3737,73.5439,73.5439,0,0
9.216,0.549,0,0,0,0,0,0,0,0,31.3244,31.3244,73.6214,73.6214,0,0
9.218,0.549,0,0,0,0,0,0,0,0,31.2751,31.2751,73.699,73.699,0,0
9.22,0.5469,0,0,0,0,0,0,0,0,31.2257,31.2257,73.7767,73.7767,0,0
9.222,0.5469,0,0,0,0,0,0,0,0,31.1765,31.1765,73.854,73.854,0,0
9.224,0.5469,0,0,0,0,0,0,0,0,31.1277,31.1277,73.9309,73.9309,0,0
9.226,0.5469,0,0,0,0,0,0,0,0,31.0794,31.0794,74.0069,74.0069,0,0
9.228,0.5469,0,0,0,0,0,0,0,0,31.0317,31.0317,74.0819,74.0819,0,0
9.23,0.4849,0,0,0,0,0,0,0,0,30.9848,30.9848,74.1556,74.1556,0,0
9.232,0.4849,0,0,0,0,0,0,0,0,30.9389,30.9389,74.2278,74.2278,0,0
9.234,0.4849,0,0,0,0,0,0,0,0,30.8942,30.8942,74.2983,74.2983,0,0.0104
9.236,0.4849,0,0,0,0,0,0,0,0,30.8506,30.8506,74.3667,74.3667,0,0.0112
9.238,0.4849,0,0,0,0,0,0,0,0,30.8085,30.8085,74.433,74.433,0,0.0121
9.24,0.3817,0,0,0,0,0,0,0,0,30.7679,30.7679,74.4969,74.4969,0,0.0129
9.242,0.3817,0,0,0,0,0,0,0,0,30.729,30.729,74.5581,74.5581,0,0.0137
9.244,0.3817,0,0,0,0,0,0,0,0,30.6918,30.6918,74.6165,74.6165,0,0.0144
9.246,0.3817,0,0,0,0,0,0,0,0,30.6566,30.6566,74.672,74.672,0,0.0151
9.248,0.3817,0,0,0,0,0,0,0,0,30.6234,30.6234,74.7242,74.7242,0,0.0157
9.25,0.2643,0,0,0,0,0,0,0,0,30.5923,30.5923,74.7732,74.7732,0,0.0162
9.252,0.2643,0,0,0,0,0,0,0,0,30.5634,30.5634,74.8186,74.8186,0,0.0167
9.254,0.2643,0,0,0,0,0,0,0,0,30.5368,30.5368,74.8604,74.8604,0,0.0172
9.256,0.2643,0,0,0,0,0,0,0,0,30.5126,30.5126,74.8985,74.8985,0,0.0176
9.258,0.2643,0,0,0,0,0,0,0,0,30.4909,30.4909,74.9327,74.9327,0,0.0179
9.26,0.1238,0,0,0,0,0,0,0,0,30.4717,30.4717,74.9628,74.9628,0,0.0182
9.262,0.1238,0,0,0,0,0,0,0,0,30.4551,30.4551,74.989,74.989,0,0.0184
9.264,0.1238,0,0,0,0,0,0,0,0,30.4411,30.4411,75.0109,75.0109,0,0.0186
9.266,0.1238,0,0,0,0,0,0,0,0,30.4298,30.4298,75.0287,75.0287,0,0.0187
9.268,0.1238,0,0,0,0,0,0,0,0,30.4212,30.4212,75.0422,75.0422,0,0.0187
9.27,0,0,0,0,0,0,0,0,0,30.4154,30.4154,75.0514,75.0514,0,0.0187
9.272,0,0,0,0,0,0,0,0,0,30.4123,30.4123,75.0563,75.0563,0,0.0186
9.274,0,0,0,0,0,0,0,0,0,30.4119,30.412,75.0568,75.0568,0,0.0185
9.276,0,0,0,0,0,0,0,0,0,30.4143,30.4143,75.053,75.053,0,0.0183
9.278,0,0,0,0,0,0,0,0,0,30.4195,30.4195,75.045,75.045,0,0.018
9.28,0,0,0,0,0,0,0,0,0,30.4273,30.4273,75.0326,75.0326,0,0.0177
9.282,0,0,0,0,0,0,0,0,0,30.4378,30.4378,75.0161,75.0161,0,0.0173
9.284,0,0,0,0,0,0,0,0,0,30.451,30.451,74.9954,74.9954,0,0.0168
9.286,0,0,0,0,0,0,0,0,0,30.4667,30.4667,74.9706,74.9706,0,0.0164
9.288,0,0,0,0,0,0,0,0,0,30.485,30.485,74.9418,74.9418,0,0.0158
9.29,0,0,0,0,0,0,0,0,0,30.5058,30.5058,74.9092,74.9092,0,0.0152
9.292,0,0,0,0,0,0,0,0,0,30.5289,30.5289,74.8728,74.8728,0,0.0146
9.294,0,0,0,0,0,0,0,0,0,30.5544,30.5544,74.8327,74.8327,0,0.0139
9.296,0,0,0,0,0,0,0,0,0,30.5821,30.5821,74.7892,74.7892,0,0.0131
9.298,0,0,0,0,0,0,0,0,0,30.6119,30.6119,74.7423,74.7423,0,0.0124
9.3,0,0,0,0,0,0,0,0,0,30.6437,30.6437,74.6922,74.6922,0,0.0116
9.302,0,0,0,0,0,0,0,0,0,30.6775,30.6775,74.6391,74.6391,0,0.0107
9.304,0,0,0,0,0,0,0,0,0,30.7131,30.7131,74.5831,74.5831,0,0
9.306,0,0,0,0,0,0,0,0,0,30.7503,30.7503,74.5245,74.5245,0,0
9.308,0,0,0,0,0,0,0,0,0,30.7891,30.7891,74.4635,74.4635,0,0
9.31,0,0,0,0,0,0,0,0,0,30.8294,30.8294,74.4002,74.4002,0,0
9.312,0,0,0,0,0,0,0,0,0,30.8709,30.8709,74.3348,74.3348,0,0
9.314,0,0,0,0,0,0,0,0,0,30.9136,30.9136,74.2677,74.2677,0,0
9.316,0,0,0,0,0,0,0,0,0,30.9573,30.9573,74.1989,74.1989,0,0
9.318,0,0,0,0,0,0,0,0,0,31.0019,31.0019,74.1288,74.1288,0,0
9.32,0,0,0,0,0,0,0,0,0,31.0471,31.0471,74.0576,74.0576,0,0
9.322,0,0,0,0,0,0,0,0,0,31.093,31.093,73.9854,73.9854,0,0
9.324,0,0,0,0,0,0,0,0,0,31.1393,31.1393,73.9127,73.9127,0,0
9.326,0,0,0,0,0,0,0,0,0,31.1858,31.1858,73.8395,73.8395,0,0
9.328,0,0,0,0,0,0,0,0,0,31.2325,31.2325,73.7661,73.7661,0,0
9.33,0,0,0,0,0,0,0,0,0,31.2791,31.2791,73.6927,73.6927,0,0
9.332,0,0,0,0,0,0,0,0,0,31.3255,31.3255,73.6197,73.6197,0,0
9.334,0,0,0,0,0,0,0,0,0,31.3715,31.3715,73.5473,73.5473,0,0
9.336,0,0,0,0,0,0,0,0,0,31.4171,31.4171,73.4756,73.4756,0,0
9.338,0,0,0,0,0,0,0,0,0,31.462,31.462,73.4049,73.4049,0,0
9.34,0,0,0,0,0,0,0,0,0,31.5062,31.5062,73.3354,73.3354,0,0
9.342,0,0,0,0,0,0,0,0,0,31.5494,31.5494,73.2675,73.2675,0,0
9.344,0,0,0,0,0,0,0,0,0,31.5915,31.5915,73.2012,73.2012,0,0
9.346,0,0,0,0,0,0,0,0,0,31.6325,31.6325,73.1368,73.1368,0,0
9.348,0,0,0,0,0,0,0,0,0,31.6721,31.6721,73.0745,73.0745,0,0
9.35,0,0,0,0,0,0,0,0,0,31.7102,31.7102,73.0145,73.0145,0,0
9.352,0,0,0,0,0,0,0,0,0,31.7467,31.7467,72.957,72.957,0,0
9.354,0,0,0,0,0,0,0,0,0,31.7816,31.7816,72.9022,72.9022,0,0
9.356,0,0,0,0,0,0,0,0,0,31.8146,31.8146,72.8503,72.8503,0,0
9.358,0,0,0,0,0,0,0,0,0,31.8457,31.8457,72.8013,72.8013,0,0
9.36,0,0,0,0,0,0,0,0,0,31.8748,31.8748,72.7556,72.7556,0,0
9.362,0,0,0,0,0,0,0,0,0,31.9018,31.9018,72.7131,72.7131,0,0
9.364,0,0,0,0,0,0,0,0,0,31.9266,31.9266,72.6741,72.6741,0,0
9.366,0,0,0,0,0,0,0,0,0,31.9491,31.9491,72.6387,72.6387,0,0
9.368,0,0,0,0,0,0,0,0,0,31.9693,31.9693,72.6069,72.6069,0,0
9.37,0,0,0,0,0,0,0,0,0,31.9871,31.9871,72.5789,72.5789,0,0
9.372,0,0,0,0,0,0,0,0,0,32.0024,32.0024,72.5548,72.5548,0,0
9.374,0,0,0,0,0,0,0,0,0,32.0153,32.0153,72.5346,72.5346,0,0
9.376,0,0,0,0,0,0,0,0,0,32.0256,32.0256,72.5184,72.5184,0,0
9.378,0,0,0,0,0,0,0,0,0,32.0333,32.0333,72.5062,72.5062,0,0
9.38,0.0416,0,0,0,0,0,0,0,0,32.0385,32.0385,72.4981,72.4981,0,0
9.382,0.0416,0,0,0,0,0,0,0,0,32.0411,32.0411,72.494,72.494,0,0
9.384,0.0416,0,0,0,0,0,0,0,0,32.041,32.041,72.4941,72.4941,0,0
9.386,0.0416,0,0,0,0,0,0,0,0,32.0384,32.0384,72.4982,72.4982,0,0
9.388,0.0416,0,0,0,0,0,0,0,0,32.0332,32.0332,72.5064,72.5064,0,0
9.39,0.165,0,0,0,0,0,0,0,0,32.0254,32.0254,72.5186,72.5186,0,0
9.392,0.165,0,0,0,0,0,0,0,0,32.0151,32.0151,72.5348,72.5348,0,0
9.394,0.165,0,0,0,0,0,0,0,0,32.0024,32.0024,72.5549,72.5549,0,0
9.396,0.165,0,0,0,0,0,0,0,0,31.9871,31.9871,72.5789,72.5789,0,0
9.398,0.165,0,0,0,0,0,0,0,0,31.9695,31.9695,72.6066,72.6066,0,0
9.4,0.3104,0,0,0,0,0,0,0,0,31.9496,31.9496,72.6379,72.6379,0,0
9.402,0.3104,0,0,0,0,0,0,0,0,31.9274,31.9274,72.6728,72.6728,0,0
9.404,0.3104,0,0,0,0,0,0,0,0,31.903,31.903,72.7111,72.7111,0,0
9.406,0.3104,0,0,0,0,0,0,0,0,31.8766,31.8766,72.7528,72.7528,0,0
9.408,0.3104,0,0,0,0,0,0,0,0,31.8481,31.8481,72.7975,72.7975,0,0
9.41,0.4033,0,0,0,0,0,0,0,0,31.8178,31.8178,72.8453,72.8453,0,0
9.412,0.4033,0,0,0,0,0,0,0,0,31.7856,31.7856,72.8959,72.8959,0,0
9.414,0.4033,0,0,0,0,0,0,0,0,31.7518,31.7518,72.9491,72.9491,0,0
9.416,0.4033,0,0,0,0,0,0,0,0,31.7164,31.7164,73.0048,73.0048,0,0
9.418,0.4033,0,0,0,0,0,0,0,0,31.6795,31.6795,73.0629,73.0629,0,0
9.42,0.4597,0,0,0,0,0,0,0,0,31.6413,31.6413,73.123,73.123,0,0
9.422,0.4597,0,0,0,0,0,0,0,0,31.6018,31.6018,73.185,73.185,0,0
9.424,0.4597,0,0,0,0,0,0,0,0,31.5614,31.5614,73.2487,73.2487,0,0
9.426,0.4597,0,0,0,0,0,0,0,0,31.5199,31.5199,73.3138,73.3138,0,0
9.428,0.4597,0,0,0,0,0,0,0,0,31.4777,31.4777,73.3803,73.3803,0,0
9.43,0.4998,0,0,0,0,0,0,0,0,31.4348,31.4348,73.4477,73.4477,0,0
9.432,0.4998,0,0,0,0,0,0,0,0,31.3914,31.3914,73.516,73.516,0,0
9.434,0.4998,0,0,0,0,0,0,0,0,31.3476,31.3476,73.5849,73.5849,0,0
9.436,0.4998,0,0,0,0,0,0,0,0,31.3036,31.3036,73.6541,73.6541,0,0
9.438,0.4998,0,0,0,0,0,0,0,0,31.2595,31.2595,73.7235,73.7235,0,0
9.44,0.4814,0,0,0,0,0,0,0,0,31.2155,31.2155,73.7927,73.7927,0,0
9.442,0.4814,0,0,0,0,0,0,0,0,31.1717,31.1717,73.8617,73.8617,0,0
9.444,0.4814,0,0,0,0,0,0,0,0,31.1282,31.1282,73.9301,73.9301,0,0
9.446,0.4814,0,0,0,0,0,0,0,0,31.0852,31.0852,73.9977,73.9977,0,0
9.448,0.4814,0,0,0,0,0,0,0,0,31.0428,31.0428,74.0644,74.0644,0,0
9.45,0.4191,0,0,0,0,0,0,0,0,31.0012,31.0012,74.1298,74.1298,0,0
9.452,0.4191,0,0,0,0,0,0,0,0,30.9605,30.9605,74.1939,74.1939,0,0
9.454,0.4191,0,0,0,0,0,0,0,0,30.9208,30.9208,74.2563,74.2563,0,0
9.456,0.4191,0,0,0,0,0,0,0,0,30.8823,30.8823,74.3168,74.3168,0,0.0103
9.458,0.4191,0,0,0,0,0,0,0,0,30.8451,30.8451,74.3754,74.3754,0,0.011
9.46,0.3399,0,0,0,0,0,0,0,0,30.8093,30.8093,74.4318,74.4318,0,0.0117
9.462,0.3399,0,0,0,0,0,0,0,0,30.775,30.775,74.4857,74.4857,0,0.0124
9.464,0.3399,0,0,0,0,0,0,0,0,30.7423,30.7423,74.5371,74.5371,0,0.013
9.466,0.3399,0,0,0,0,0,0,0,0,30.7113,30.7113,74.5858,74.5858,0,0.0136
9.468,0.3399,0,0,0,0,0,0,0,0,30.6822,30.6822,74.6317,74.6317,0,0.0141
9.47,0.2284,0,0,0,0,0,0,0,0,30.655,30.655,74.6745,74.6745,0,0.0146
9.472,0.2284,0,0,0,0,0,0,0,0,30.6298,30.6298,74.7141,74.7141,0,0.0151
9.474,0.2284,0,0,0,0,0,0,0,0,30.6067,30.6067,74.7505,74.7505,0,0.0155
9.476,0.2284,0,0,0,0,0,0,0,0,30.5857,30.5857,74.7835,74.7835,0,0.0158
9.478,0.2284,0,0,0,0,0,0,0,0,30.567,30.567,74.8129,74.8129,0,0.0161
9.48,0.1057,0,0,0,0,0,0,0,0,30.5505,30.5505,74.8389,74.8389,0,0.0163
9.482,0.1057,0,0,0,0,0,0,0,0,30.5364,30.5364,74.8611,74.8611,0,0.0165
9.484,0.1057,0,0,0,0,0,0,0,0,30.5246,30.5246,74.8796,74.8796,0,0.0166
9.486,0.1057,0,0,0,0,0,0,0,0,30.5152,30.5152,74.8944,74.8944,0,0.0167
9.488,0.1057,0,0,0,0,0,0,0,0,30.5082,30.5082,74.9053,74.9053,0,0.0167
9.49,0,0,0,0,0,0,0,0,0,30.5037,30.5037,74.9124,74.9124,0,0.0167
9.492,0,0,0,0,0,0,0,0,0,30.5017,30.5017,74.9157,74.9157,0,0.0166
9.494,0,0,0,0,0,0,0,0,0,30.5021,30.5021,74.915,74.915,0,0.0164
9.496,0,0,0,0,0,0,0,0,0,30.5049,30.5049,74.9105,74.9105,0,0.0162
9.498,0,0,0,0,0,0,0,0,0,30.5102,30.5102,74.9022,74.9022,0,0.016
9.5,0,0,0,0,0,0,0,0,0,30.5179,30.5179,74.8901,74.8901,0,0.0157
9.502,0,0,0,0,0,0,0,0,0,30.528,30.528,74.8743,74.8743,0,0.0153
9.504,0,0,0,0,0,0,0,0,0,30.5404,30.5404,74.8547,74.8547,0,0.0149
9.506,0,0,0,0,0,0,0,0,0,30.5551,30.5551,74.8316,74.8316,0,0.0145
9.508,0,0,0,0,0,0,0,0,0,30.5721,30.5721,74.8049,74.8049,0,0.014
9.51,0,0,0,0,0,0,0,0,0,30.5913,30.5913,74.7747,74.7747,0,0.0134
9.512,0,0,0,0,0,0,0,0,0,30.6125,30.6125,74.7413,74.7413,0,0.0128
9.514,0,0,0,0,0,0,0,0,0,30.6359,30.6359,74.7046,74.7046,0,0.0122
9.516,0,0,0,0,0,0,0,0,0,30.6611,30.6611,74.6648,74.6648,0,0.0115
9.518,0,0,0,0,0,0,0,0,0,30.6883,30.6883,74.6221,74.6221,0,0.0108
9.52,0,0,0,0,0,0,0,0,0,30.7172,30.7172,74.5766,74.5766,0,0.0101
9.522,0,0,0,0,0,0,0,0,0,30.7479,30.7479,74.5284,74.5284,0,0
9.524,0,0,0,0,0,0,0,0,0,30.7801,30.7801,74.4777,74.4777,0,0
9.526,0,0,0,0,0,0,0,0,0,30.8137,30.8137,74.4247,74.4247,0,0
9.528,0,0,0,0,0,0,0,0,0,30.8488,30.8488,74.3696,74.3696,0,0
9.53,0,0,0,0,0,0,0,0,0,30.8851,30.8851,74.3126,74.3126,0,0
9.532,0,0,0,0,0,0,0,0,0,30.9225,30.9225,74.2537,74.2537,0,0
9.534,0,0,0,0,0,0,0,0,0,30.9608,30.9608,74.1933,74.1933,0,0
9.536,0,0,0,0,0,0,0,0,0,31.0001,31.0001,74.1316,74.1316,0,0
9.538,0,0,0,0,0,0,0,0,0,31.0401,31.0401,74.0687,74.0687,0,0
9.54,0,0,0,0,0,0,0,0,0,31.0807,31.0807,74.0048,74.0048,0,0
9.542,0,0,0,0,0,0,0,0,0,31.1218,31.1218,73.9402,73.9402,0,0
9.544,0,0,0,0,0,0,0,0,0,31.1632,31.1632,73.8751,73.8751,0,0
9.546,0,0,0,0,0,0,0,0,0,31.2048,31.2048,73.8096,73.8096,0,0
9.548,0,0,0,0,0,0,0,0,0,31.2464,31.2464,73.7441,73.7441,0,0
9.55,0,0,0,0,0,0,0,0,0,31.288,31.288,73.6787,73.6787,0,0
9.552,0,0,0,0,0,0,0,0,0,31.3294,31.3294,73.6136,73.6136,0,0
9.554,0,0,0,0,0,0,0,0,0,31.3704,31.3704,73.5491,73.5491,0,0
9.556,0,0,0,0,0,0,0,0,0,31.4109,31.4109,73.4853,73.4853,0,0
9.558,0,0,0,0,0,0,0,0,0,31.4509,31.4509,73.4225,73.4225,0,0
9.56,0,0,0,0,0,0,0,0,0,31.49,31.49,73.3609,73.3609,0,0
9.562,0,0,0,0,0,0,0,0,0,31.5284,31.5284,73.3006,73.3006,0,0
9.564,0,0,0,0,0,0,0,0,0,31.5657,31.5657,73.2418,73.2418,0,0
9.566,0,0,0,0,0,0,0,0,0,31.6019,31.6019,73.1849,73.1849,0,0
9.568,0,0,0,0,0,0,0,0,0,31.6369,31.6369,73.1298,73.1298,0,0
9.57,0,0,0,0,0,0,0,0,0,31.6705,31.6705,73.0769,73.0769,0,0
9.572,0,0,0,0,0,0,0,0,0,31.7027,31.7027,73.0262,73.0262,0,0
9.574,0,0,0,0,0,0,0,0,0,31.7334,31.7334,72.978,72.978,0,0
9.576,0,0,0,0,0,0,0,0,0,31.7624,31.7624,72.9324,72.9324,0,0
9.578,0,0,0,0,0,0,0,0,0,31.7897,31.7897,72.8895,72.8895,0,0
9.58,0,0,0,0,0,0,0,0,0,31.8151,31.8151,72.8495,72.8495,0,0
9.582,0,0,0,0,0,0,0,0,0,31.8386,31.8386,72.8125,72.8125,0,0
9.584,0,0,0,0,0,0,0,0,0,31.8602,31.8602,72.7785,72.7785,0,0
9.586,0,0,0,0,0,0,0,0,0,31.8797,31.8797,72.7478,72.7478,0,0
9.588,0,0,0,0,0,0,0,0,0,31.8971,31.8971,72.7204,72.7204,0,0
9.59,0,0,0,0,0,0,0,0,0,31.9124,31.9124,72.6964,72.6964,0,0
9.592,0,0,0,0,0,0,0,0,0,31.9254,31.9254,72.6759,72.6759,0,0
9.594,0,0,0,0,0,0,0,0,0,31.9363,31.9363,72.6589,72.6589,0,0
9.596,0,0,0,0,0,0,0,0,0,31.9448,31.9448,72.6455,72.6455,0,0
9.598,0,0,0,0,0,0,0,0,0,31.951,31.951,72.6356,72.6356,0,0
9.6,0.0392,0,0,0,0,0,0,0,0,31.955,31.955,72.6294,72.6294,0,0
9.602,0.0392,0,0,0,0,0,0,0,0,31.9566,31.9566,72.6269,72.6269,0,0
9.604,0.0392,0,0,0,0,0,0,0,0,31.9559,31.9559,72.628,72.628,0,0
9.606,0.0392,0,0,0,0,0,0,0,0,31.9529,31.9529,72.6328,72.6328,0,0
9.608,0.0392,0,0,0,0,0,0,0,0,31.9476,31.9476,72.6411,72.6411,0,0
9.61,0.1692,0,0,0,0,0,0,0,0,31.94,31.94,72.6531,72.6531,0,0
9.612,0.1692,0,0,0,0,0,0,0,0,31.9301,31.9301,72.6685,72.6685,0,0
9.614,0.1692,0,0,0,0,0,0,0,0,31.9181,31.9181,72.6875,72.6875,0,0
9.616,0.1692,0,0,0,0,0,0,0,0,31.9039,31.9039,72.7099,72.7099,0,0
9.618,0.1692,0,0,0,0,0,0,0,0,31.8875,31.8875,72.7356,72.7356,0,0
9.62,0.2848,0,0,0,0,0,0,0,0,31.8691,31.8691,72.7645,72.7645,0,0
9.622,0.2848,0,0,0,0,0,0,0,0,31.8488,31.8488,72.7966,72.7966,0,0
9.624,0.2848,0,0,0,0,0,0,0,0,31.8264,31.8264,72.8316,72.8316,0,0
9.626,0.2848,0,0,0,0,0,0,0,0,31.8023,31.8023,72.8696,72.8696,0,0
9.628,0.2848,0,0,0,0,0,0,0,0,31.7764,31.7764,72.9104,72.9104,0,0
9.63,0.353,0,0,0,0,0,0,0,0,31.7488,31.7488,72.9538,72.9538,0,0
9.632,0.353,0,0,0,0,0,0,0,0,31.7196,31.7196,72.9997,72.9997,0,0
9.634,0.353,0,0,0,0,0,0,0,0,31.689,31.689,73.0479,73.0479,0,0
9.636,0.353,0,0,0,0,0,0,0,0,31.657,31.657,73.0983,73.0983,0,0
9.638,0.353,0,0,0,0,0,0,0,0,31.6237,31.6237,73.1506,73.1506,0,0
9.64,0.4124,0,0,0,0,0,0,0,0,31.5892,31.5892,73.2048,73.2048,0,0
9.642,0.4124,0,0,0,0,0,0,0,0,31.5537,31.5537,73.2606,73.2606,0,0
9.644,0.4124,0,0,0,0,0,0,0,0,31.5173,31.5173,73.3179,73.3179,0,0
9.646,0.4124,0,0,0,0,0,0,0,0,31.4801,31.4801,73.3765,73.3765,0,0
9.648,0.4124,0,0,0,0,0,0,0,0,31.4422,31.4422,73.4361,73.4361,0,0
9.65,0.4442,0,0,0,0,0,0,0,0,31.4038,31.4038,73.4966,73.4966,0,0
9.652,0.4442,0,0,0,0,0,0,0,0,31.3649,31.3649,73.5577,73.5577,0,0
9.654,0.4442,0,0,0,0,0,0,0,0,31.3257,31.3257,73.6193,73.6193,0,0
9.656,0.4442,0,0,0,0,0,0,0,0,31.2864,31.2864,73.6812,73.6812,0,0
9.658,0.4442,0,0,0,0,0,0,0,0,31.247,31.247,73.7432,73.7432,0,0
9.66,0.4423,0,0,0,0,0,0,0,0,31.2077,31.2077,73.805,73.805,0,0
9.662,0.4423,0,0,0,0,0,0,0,0,31.1687,31.1687,73.8664,73.8664,0,0
9.664,0.4423,0,0,0,0,0,0,0,0,31.1299,31.1299,73.9273,73.9273,0,0
9.666,0.4423,0,0,0,0,0,0,0,0,31.0917,31.0917,73.9875,73.9875,0,0
9.668,0.4423,0,0,0,0,0,0,0,0,31.054,31.054,74.0467,74.0467,0,0
9.67,0.3742,0,0,0,0,0,0,0,0,31.0171,31.0171,74.1048,74.1048,0,0
9.672,0.3742,0,0,0,0,0,0,0,0,30.981,30.981,74.1616,74.1616,0,0
9.674,0.3742,0,0,0,0,0,0,0,0,30.9459,30.9459,74.2169,74.2169,0,0
9.676,0.3742,0,0,0,0,0,0,0,0,30.9118,30.9118,74.2705,74.2705,0,0
9.678,0.3742,0,0,0,0,0,0,0,0,30.8789,30.8789,74.3222,74.3222,0,0.01
9.68,0.2841,0,0,0,0,0,0,0,0,30.8473,30.8473,74.372,74.372,0,0.0106
9.682,0.2841,0,0,0,0,0,0,0,0,30.8171,30.8171,74.4195,74.4195,0,0.0112
9.684,0.2841,0,0,0,0,0,0,0,0,30.7883,30.7883,74.4647,74.4647,0,0.0118
9.686,0.2841,0,0,0,0,0,0,0,0,30.7611,30.7611,74.5075,74.5075,0,0.0123
9.688,0.2841,0,0,0,0,0,0,0,0,30.7356,30.7356,74.5476,74.5476,0,0.0128
9.69,0.2019,0,0,0,0,0,0,0,0,30.7118,30.7118,74.585,74.585,0,0.0132
9.692,0.2019,0,0,0,0,0,0,0,0,30.6899,30.6899,74.6196,74.6196,0,0.0136
9.694,0.2019,0,0,0,0,0,0,0,0,30.6698,30.6698,74.6512,74.6512,0,0.0139
9.696,0.2019,0,0,0,0,0,0,0,0,30.6516,30.6516,74.6798,74.6798,0,0.0142
9.698,0.2019,0,0,0,0,0,0,0,0,30.6355,30.6355,74.7052,74.7052,0,0.0144
9.7,0.0912,0,0,0,0,0,0,0,0,30.6214,30.6214,74.7274,74.7274,0,0.0146
9.702,0.0912,0,0,0,0,0,0,0,0,30.6093,30.6093,74.7463,74.7463,0,0.0148
9.704,0.0912,0,0,0,0,0,0,0,0,30.5994,30.5994,74.7619,74.7619,0,0.0149
9.706,0.0912,0,0,0,0,0,0,0,0,30.5917,30.5917,74.7741,74.7741,0,0.0149
9.708,0.0912,0,0,0,0,0,0,0,0,30.5861,30.5861,74.7829,74.7829,0,0.0149
9.71,0,0,0,0,0,0,0,0,0,30.5827,30.5827,74.7882,74.7882,0,0.0149
9.712,0,0,0,0,0,0,0,0,0,30.5815,30.5815,74.7901,74.7901,0,0.0148
9.714,0,0,0,0,0,0,0,0,0,30.5825,30.5825,74.7885,74.7885,0,0.0146
9.716,0,0,0,0,0,0,0,0,0,30.5857,30.5857,74.7835,74.7835,0,0.0144
9.718,0,0,0,0,0,0,0,0,0,30.591,30.591,74.7751,74.7751,0,0.0142
9.72,0,0,0,0,0,0,0,0,0,30.5985,30.5985,74.7633,74.7633,0,0.0139
9.722,0,0,0,0,0,0,0,0,0,30.6081,30.6081,74.7482,74.7482,0,0.0136
9.724,0,0,0,0,0,0,0,0,0,30.6198,30.6198,74.7298,74.7298,0,0.0132
9.726,0,0,0,0,0,0,0,0,0,30.6336,30.6336,74.7082,74.7082,0,0.0128
9.728,0,0,0,0,0,0,0,0,0,30.6493,30.6493,74.6834,74.6834,0,0.0123
9.73,0,0,0,0,0,0,0,0,0,30.667,30.667,74.6556,74.6556,0,0.0118
9.732,0,0,0,0,0,0,0,0,0,30.6865,30.6865,74.6249,74.6249,0,0.0113
9.734,0,0,0,0,0,0,0,0,0,30.7079,30.7079,74.5913,74.5913,0,0.0107
9.736,0,0,0,0,0,0,0,0,0,30.7309,30.7309,74.555,74.555,0,0.0101
9.738,0,0,0,0,0,0,0,0,0,30.7557,30.7557,74.5161,74.5161,0,0
9.74,0,0,0,0,0,0,0,0,0,30.7819,30.7819,74.4748,74.4748,0,0
9.742,0,0,0,0,0,0,0,0,0,30.8097,30.8097,74.4311,74.4311,0,0
9.744,0,0,0,0,0,0,0,0,0,30.8389,30.8389,74.3852,74.3852,0,0
9.746,0,0,0,0,0,0,0,0,0,30.8693,30.8693,74.3373,74.3373,0,0
9.748,0,0,0,0,0,0,0,0,0,30.9009,30.9009,74.2876,74.2876,0,0
9.75,0,0,0,0,0,0,0,0,0,30.9336,30.9336,74.2361,74.2361,0,0
9.752,0,0,0,0,0,0,0,0,0,30.9673,30.9673,74.1832,74.1832,0,0
9.754,0,0,0,0,0,0,0,0,0,31.0018,31.0018,74.1288,74.1288,0,0
9.756,0,0,0,0,0,0,0,0,0,31.0371,31.0371,74.0734,74.0734,0,0
9.758,0,0,0,0,0,0,0,0,0,31.073,31.073,74.0169,74.0169,0,0
9.76,0,0,0,0,0,0,0,0,0,31.1094,31.1094,73.9597,73.9597,0,0
9.762,0,0,0,0,0,0,0,0,0,31.1462,31.1462,73.9018,73.9018,0,0
9.764,0,0,0,0,0,0,0,0,0,31.1832,31.1832,73.8435,73.8435,0,0
9.766,0,0,0,0,0,0,0,0,0,31.2204,31.2204,73.785,73.785,0,0
9.768,0,0,0,0,0,0,0,0,0,31.2576,31.2576,73.7265,73.7265,0,0
9.77,0,0,0,0,0,0,0,0,0,31.2947,31.2947,73.6682,73.6682,0,0
9.772,0,0,0,0,0,0,0,0,0,31.3316,31.3316,73.6102,73.6102,0,0
9.774,0,0,0,0,0,0,0,0,0,31.3681,31.3681,73.5527,73.5527,0,0
9.776,0,0,0,0,0,0,0,0,0,31.4041,31.4041,73.496,73.496,0,0
9.778,0,0,0,0,0,0,0,0,0,31.4396,31.4396,73.4401,73.4401,0,0
9.78,0,0,0,0,0,0,0,0,0,31.4744,31.4744,73.3854,73.3854,0,0
9.782,0,0,0,0,0,0,0,0,0,31.5084,31.5084,73.332,73.332,0,0
9.784,0,0,0,0,0,0,0,0,0,31.5415,31.5415,73.28,73.28,0,0
9.786,0,0,0,0,0,0,0,0,0,31.5735,31.5735,73.2296,73.2296,0,0
9.788,0,0,0,0,0,0,0,0,0,31.6044,31.6044,73.1809,73.1809,0,0
9.79,0,0,0,0,0,0,0,0,0,31.6341,31.6341,73.1342,73.1342,0,0
9.792,0,0,0,0,0,0,0,0,0,31.6625,31.6625,73.0896,73.0896,0,0
9.794,0,0,0,0,0,0,0,0,0,31.6894,31.6894,73.0472,73.0472,0,0
9.796,0,0,0,0,0,0,0,0,0,31.7149,31.7149,73.0071,73.0071,0,0
9.798,0,0,0,0,0,0,0,0,0,31.7388,31.7388,72.9695,72.9695,0,0
9.8,0,0,0,0,0,0,0,0,0,31.761,31.761,72.9346,72.9346,0,0
9.802,0,0,0,0,0,0,0,0,0,31.7815,31.7815,72.9023,72.9023,0,0
9.804,0,0,0,0,0,0,0,0,0,31.8003,31.8003,72.8728,72.8728,0,0
9.806,0,0,0,0,0,0,0,0,0,31.8172,31.8172,72.8462,72.8462,0,0
9.808,0,0,0,0,0,0,0,0,0,31.8322,31.8322,72.8227,72.8227,0,0
9.81,0,0,0,0,0,0,0,0,0,31.8452,31.8452,72.8021,72.8021,0,0
9.812,0,0,0,0,0,0,0,0,0,31.8563,31.8563,72.7847,72.7847,0,0
9.814,0,0,0,0,0,0,0,0,0,31.8654,31.8654,72.7704,72.7704,0,0
9.816,0,0,0,0,0,0,0,0,0,31.8724,31.8724,72.7593,72.7593,0,0
9.818,0,0,0,0,0,0,0,0,0,31.8774,31.8774,72.7515,72.7515,0,0
9.82,0.0316,0,0,0,0,0,0,0,0,31.8803,31.8803,72.7469,72.7469,0,0
9.822,0.0316,0,0,0,0,0,0,0,0,31.8811,31.8811,72.7456,72.7456,0,0
9.824,0.0316,0,0,0,0,0,0,0,0,31.8799,31.8799,72.7475,72.7475,0,0
9.826,0.0316,0,0,0,0,0,0,0,0,31.8766,31.8766,72.7527,72.7527,0,0
9.828,0.0316,0,0,0,0,0,0,0,0,31.8713,31.8713,72.7611,72.7611,0,0
9.83,0.152,0,0,0,0,0,0,0,0,31.8639,31.8639,72.7727,72.7727,0,0
9.832,0.152,0,0,0,0,0,0,0,0,31.8545,31.8545,72.7875,72.7875,0,0
9.834,0.152,0,0,0,0,0,0,0,0,31.8432,31.8432,72.8053,72.8053,0,0
9.836,0.152,0,0,0,0,0,0,0,0,31.8299,31.8299,72.8261,72.8261,0,0
9.838,0.152,0,0,0,0,0,0,0,0,31.8148,31.8148,72.8499,72.8499,0,0
9.84,0.2488,0,0,0,0,0,0,0,0,31.7979,31.7979,72.8766,72.8766,0,0
9.842,0.2488,0,0,0,0,0,0,0,0,31.7792,31.7792,72.906,72.906,0,0
9.844,0.2488,0,0,0,0,0,0,0,0,31.7587,31.7587,72.9381,72.9381,0,0
9.846,0.2488,0,0,0,0,0,0,0,0,31.7367,31.7367,72.9728,72.9728,0,0
9.848,0.2488,0,0,0,0,0,0,0,0,31.7131,31.7131,73.0099,73.0099,0,0
9.85,0.3292,0,0,0,0,0,0,0,0,31.6881,31.6881,73.0493,73.0493,0,0
9.852,0.3292,0,0,0,0,0,0,0,0,31.6616,31.6616,73.0909,73.0909,0,0
9.854,0.3292,0,0,0,0,0,0,0,0,31.6339,31.6339,73.1346,73.1346,0,0
9.856,0.3292,0,0,0,0,0,0,0,0,31.6049,31.6049,73.1801,73.1801,0,0
9.858,0.3292,0,0,0,0,0,0,0,0,31.5749,31.5749,73.2274,73.2274,0,0
9.86,0.3775,0,0,0,0,0,0,0,0,31.5438,31.5438,73.2762,73.2762,0,0
9.862,0.3775,0,0,0,0,0,0,0,0,31.5119,31.5119,73.3265,73.3265,0,0
9.864,0.3775,0,0,0,0,0,0,0,0,31.4791,31.4791,73.378,73.378,0,0
9.866,0.3775,0,0,0,0,0,0,0,0,31.4457,31.4457,73.4306,73.4306,0,0
9.868,0.3775,0,0,0,0,0,0,0,0,31.4117,31.4117,73.4841,73.4841,0,0
9.87,0.3936,0,0,0,0,0,0,0,0,31.3772,31.3772,73.5383,73.5383,0,0
9.872,0.3936,0,0,0,0,0,0,0,0,31.3424,31.3424,73.5931,73.5931,0,0
9.874,0.3936,0,0,0,0,0,0,0,0,31.3074,31.3074,73.6482,73.6482,0,0
9.876,0.3936,0,0,0,0,0,0,0,0,31.2722,31.2722,73.7035,73.7035,0,0
9.878,0.3936,0,0,0,0,0,0,0,0,31.2371,31.2371,73.7588,73.7588,0,0
9.88,0.3615,0,0,0,0,0,0,0,0,31.202,31.202,73.814,73.814,0,0
9.882,0.3615,0,0,0,0,0,0,0,0,31.1672,31.1672,73.8687,73.8687,0,0
9.884,0.3615,0,0,0,0,0,0,0,0,31.1327,31.1327,73.923,73.923,0,0
9.886,0.3615,0,0,0,0,0,0,0,0,31.0987,31.0987,73.9765,73.9765,0,0
9.888,0.3615,0,0,0,0,0,0,0,0,31.0652,31.0652,74.0291,74.0291,0,0
9.89,0.3391,0,0,0,0,0,0,0,0,31.0324,31.0324,74.0807,74.0807,0,0
9.892,0.3391,0,0,0,0,0,0,0,0,31.0004,31.0004,74.1311,74.1311,0,0
9.894,0.3391,0,0,0,0,0,0,0,0,30.9693,30.9693,74.18,74.18,0,0
9.896,0.3391,0,0,0,0,0,0,0,0,30.9392,30.9392,74.2274,74.2274,0,0
9.898,0.3391,0,0,0,0,0,0,0,0,30.9101,30.9101,74.2731,74.2731,0,0
9.9,0.271,0,0,0,0,0,0,0,0,30.8822,30.8822,74.317,74.317,0,0
9.902,0.271,0,0,0,0,0,0,0,0,30.8556,30.8556,74.3589,74.3589,0,0.0102
9.904,0.271,0,0,0,0,0,0,0,0,30.8303,30.8303,74.3987,74.3987,0,0.0107
9.906,0.271,0,0,0,0,0,0,0,0,30.8065,30.8065,74.4362,74.4362,0,0.0111
9.908,0.271,0,0,0,0,0,0,0,0,30.7841,30.7841,74.4714,74.4714,0,0.0115
9.91,0.1799,0,0,0,0,0,0,0,0,30.7633,30.7633,74.5041,74.5041,0,0.0119
9.912,0.1799,0,0,0,0,0,0,0,0,30.7442,30.7442,74.5342,74.5342,0,0.0122
9.914,0.1799,0,0,0,0,0,0,0,0,30.7267,30.7267,74.5616,74.5616,0,0.0125
9.916,0.1799,0,0,0,0,0,0,0,0,30.711,30.711,74.5863,74.5863,0,0.0128
9.918,0.1799,0,0,0,0,0,0,0,0,30.6971,30.6971,74.6082,74.6082,0,0.013
9.92,0.0718,0,0,0,0,0,0,0,0,30.6851,30.6851,74.6272,74.6272,0,0.0131
9.922,0.0718,0,0,0,0,0,0,0,0,30.6749,30.6749,74.6432,74.6432,0,0.0132
9.924,0.0718,0,0,0,0,0,0,0,0,30.6666,30.6666,74.6563,74.6563,0,0.0133
9.926,0.0718,0,0,0,0,0,0,0,0,30.6602,30.6602,74.6663,74.6663,0,0.0133
9.928,0.0718,0,0,0,0,0,0,0,0,30.6558,30.6558,74.6732,74.6732,0,0.0133
9.93,0,0,0,0,0,0,0,0,0,30.6533,30.6533,74.6771,74.6771,0,0.0133
9.932,0,0,0,0,0,0,0,0,0,30.6528,30.6528,74.6779,74.6779,0,0.0132
9.934,0,0,0,0,0,0,0,0,0,30.6543,30.6543,74.6756,74.6756,0,0.013
9.936,0,0,0,0,0,0,0,0,0,30.6577,30.6577,74.6702,74.6702,0,0.0128
9.938,0,0,0,0,0,0,0,0,0,30.663,30.663,74.6618,74.6618,0,0.0126
9.94,0,0,0,0,0,0,0,0,0,30.6703,30.6703,74.6504,74.6504,0,0.0124
9.942,0,0,0,0,0,0,0,0,0,30.6794,30.6794,74.636,74.636,0,0.012
9.944,0,0,0,0,0,0,0,0,0,30.6904,30.6904,74.6188,74.6188,0,0.0117
9.946,0,0,0,0,0,0,0,0,0,30.7032,30.7032,74.5986,74.5986,0,0.0113
9.948,0,0,0,0,0,0,0,0,0,30.7178,30.7178,74.5757,74.5757,0,0.0109
9.95,0,0,0,0,0,0,0,0,0,30.734,30.734,74.5501,74.5501,0,0.0104
9.952,0,0,0,0,0,0,0,0,0,30.752,30.752,74.5219,74.5219,0,0.01
9.954,0,0,0,0,0,0,0,0,0,30.7715,30.7715,74.4912,74.4912,0,0
9.956,0,0,0,0,0,0,0,0,0,30.7925,30.7925,74.4581,74.4581,0,0
9.958,0,0,0,0,0,0,0,0,0,30.815,30.815,74.4227,74.4227,0,0
9.96,0,0,0,0,0,0,0,0,0,30.8389,30.8389,74.3851,74.3851,0,0
9.962,0,0,0,0,0,0,0,0,0,30.8641,30.8641,74.3455,74.3455,0,0
9.964,0,0,0,0,0,0,0,0,0,30.8905,30.8905,74.304,74.304,0,0
9.966,0,0,0,0,0,0,0,0,0,30.918,30.918,74.2607,74.2607,0,0
9.968,0,0,0,0,0,0,0,0,0,30.9466,30.9466,74.2158,74.2158,0,0
9.97,0,0,0,0,0,0,0,0,0,30.976,30.976,74.1694,74.1694,0,0
9.972,0,0,0,0,0,0,0,0,0,31.0063,31.0063,74.1218,74.1218,0,0
9.974,0,0,0,0,0,0,0,0,0,31.0374,31.0374,74.0729,74.0729,0,0
9.976,0,0,0,0,0,0,0,0,0,31.0691,31.0691,74.0231,74.0231,0,0
9.978,0,0,0,0,0,0,0,0,0,31.1013,31.1013,73.9724,73.9724,0,0
9.98,0,0,0,0,0,0,0,0,0,31.1339,31.1339,73.9211,73.9211,0,0
9.982,0,0,0,0,0,0,0,0,0,31.1668,31.1668,73.8693,73.8693,0,0
9.984,0,0,0,0,0,0,0,0,0,31.2,31.2,73.8172,73.8172,0,0
9.986,0,0,0,0,0,0,0,0,0,31.2332,31.2332,73.7649,73.7649,0,0
9.988,0,0,0,0,0,0,0,0,0,31.2664,31.2664,73.7126,73.7126,0,0
9.99,0,0,0,0,0,0,0,0,0,31.2995,31.2995,73.6606,73.6606,0,0
9.992,0,0,0,0,0,0,0,0,0,31.3324,31.3324,73.6089,73.6089,0,0
9.994,0,0,0,0,0,0,0,0,0,31.3649,31.3649,73.5577,73.5577,0,0
9.996,0,0,0,0,0,0,0,0,0,31.397,31.397,73.5072,73.5072,0,0
9.998,0,0,0,0,0,0,0,0,0,31.4285,31.4285,73.4576,73.4576,0,0
10,0,0,0,0,0,0,0,0,0,31.4594,31.4594,73.4091,73.4091,0,0
